state={
	id=1
	name="STATE_1"
	provinces={
		9 129 340 483 1005 1160 1180 1376 1911 1956 1969 2026 2061 2082 2587 2749 3403 3446 3654 3832 3835 3908 4064 4066 4221 4269 4561 4613 4729 4817 5483 5526 5558 5664 5787 6155 6314 8073 8494 8647 9813 9914 11030 11031 11032 11039 11040 11042 11045 11047 11048 11049 11051 11053 11056 11059 11060 11066 11067 11070 11072 11080 11084 11085 11090 11099 11103 11108 11114 11116 11128 11132 11133 11137 11138 11142 11154 11161 11164 11175 11206 11213 11223 11228 
	}
	manpower=0
	buildings_max_level_factor=1.000
	local_supplies=0.0 
	state_category = large_town
}
