state={
	id=100
	name="STATE_100"
	provinces={
		342 531 542 559 821 825 857 966 978 1102 1124 1131 1168 1301 1544 1573 1685 1910 1925 2300 2439 2634 2695 2697 2791 2901 2909 2977 3280 3321 3334 3651 3724 3728 3797 3854 3876 4006 4010 4031 4034 4049 4095 4194 4296 4398 4403 4426 4703 4715 4722 4840 4855 4888 5029 5394 5414 5463 5495 5533 5788 5935 6018 6183 6329 6400 6401 6434 6547 6685 6723 6787 6859 7191 7517 7660 7692 7725 7760 7807 7816 7906 7915 7929 8152 8325 8431 8465 8516 8600 8653 8823 8827 9146 9193 9244 9261 9307 9423 9438 9451 9653 9823 9895 10006 10014 10028 10155 10371 10432 10470 10624 10638 10715 18328 18511 18520 18544 18555 18583 18604 18674 18683 18689 18690 18712 18721 18740 18754 18778 18779 18808 18819 18825 18840 18861 18886 18893 18903 18945 18946 18947 18983 19007 19013 19021 19026 19061 19062 19074 19088 19109 19110 19111 19146 19151 19172 19173 19182 19189 19200 19201 19210 19243 19260 19261 19287 19288 19306 19322 19337 19338 19339 19348 19360 19361 19370 19371 19372 19384 19393 19416 19417 19418 19426 19427 19436 19448 19449 19461 19473 19474 19488 19489 19497 19498 19499 19508 19517 19527 19545 19554 19555 19556 19573 19574 19582 19583 19584 19594 19603 19628 19629 19639 19653 19667 19668 19689 19696 19697 19730 19731 19737 19744 19745 19751 19769 19770 19775 19776 19777 19784 19802 19817 19818 19819 19842 19853 19861 19862 19868 19872 19899 19912 19922 19923 19934 19935 19981 19994 20003 20016 20017 20037 20052 20053 20077 20078 20086 20087 20111 20129 20143 20150 20173 20182 20194 20195 20222 20256 20273 20302 20316 20345 20367 
	}
	manpower=0
	buildings_max_level_factor=1.000
	local_supplies=0.0 
}
