state={
	id=101
	name="STATE_101"
	provinces={
		592 662 960 1339 2017 2374 2834 3763 4141 4243 4247 4275 4357 4381 4751 4803 4836 5111 5350 5535 5804 6059 6102 6111 6923 6948 7115 7685 7839 7963 8736 8979 8994 9346 9610 10224 10434 10443 10907 10924 10960 11010 19340 19394 19450 19490 19491 19509 19510 19546 19575 19585 19604 19611 19612 19630 19654 19705 19706 19718 19719 19752 19761 19791 19792 19843 19854 19873 19906 19936 19956 20004 20005 20018 20024 20025 20046 20088 20130 20223 20274 20327 20478 
	}
	manpower=0
	buildings_max_level_factor=1.000
	local_supplies=0.0 
}
