state={
	id=102
	name="STATE_102"
	provinces={
		109 147 370 472 485 606 677 845 925 1001 1146 1191 1494 1637 1712 2009 2189 2321 2355 2829 2966 2992 2995 3103 3148 3572 3643 3960 4170 4338 4457 4460 4696 4750 4853 5011 5170 5216 5604 5662 5954 6141 6177 6289 6562 6580 6861 6864 7097 7138 7159 7207 7367 7429 7500 7577 7695 7793 7877 8169 8491 8542 8684 8799 8882 9104 9236 9286 9414 9470 9783 10050 10499 10585 10810 18661 18705 18776 18829 18834 18844 18863 18880 18888 18906 18928 18929 18950 18958 18973 18989 18990 19004 19005 19041 19056 19077 19106 19136 19153 19175 19193 19203 19212 19246 19256 19276 19284 19292 19298 19326 19343 19364 19365 19376 19377 19389 19390 19403 19465 19466 19478 19479 19501 19540 19550 19558 19568 19636 19640 19671 19672 19746 19757 19763 19797 19833 19848 19858 19859 19863 19879 19891 19892 19893 19927 19928 19969 19970 19983 19984 20057 20063 20116 20124 20136 20137 20138 20180 20188 20228 20259 20268 20319 20324 20329 20388 20400 20458 
	}
	manpower=0
	buildings_max_level_factor=1.000
	local_supplies=0.0 
}
