state={
	id=103
	name="STATE_103"
	provinces={
		75 223 313 334 718 1219 1446 1662 1838 1907 1958 2116 2660 2706 2714 2728 2781 3030 3441 3732 3759 3938 4639 4657 4702 4878 4954 5015 5163 5433 5467 5801 5865 5920 5947 6075 6373 6720 6805 6830 6915 6946 6986 7074 7245 7299 7569 7791 7933 7993 7994 8028 8046 8138 8171 8396 8665 8711 8715 8820 8901 8959 9206 9266 9339 9641 9672 9821 9837 10211 10286 10321 10402 10557 10586 10934 10950 11026 18727 18810 18820 18835 18845 18881 18907 18934 18959 18977 18991 19006 19024 19042 19064 19107 19176 19177 19194 19213 19228 19266 19277 19316 19344 19429 19430 19519 19541 19569 19618 19619 19637 19641 19673 19674 19682 19709 19710 19724 19747 19748 19771 19772 19798 19808 19814 19820 19834 19849 19929 19930 19931 19947 19959 19971 19985 19986 20010 20028 20042 20072 20083 20098 20106 20144 20154 20181 20217 20244 20250 20264 20269 20310 20311 20338 20389 20428 20436 20437 20464 20510 
	}
	manpower=0
	buildings_max_level_factor=1.000
	local_supplies=0.0 
}
