state={
	id=104
	name="STATE_104"
	provinces={
		271 385 699 849 904 1620 1894 1975 1987 2047 2080 2755 3059 3175 3537 3663 4714 4950 5060 5068 5076 5212 5972 5997 6053 6158 6212 6385 6466 6635 6793 7007 7211 7759 7957 7965 7999 8137 8176 8252 8472 8533 8740 8742 9000 9444 9589 9774 10124 10136 10194 10358 10510 19638 19651 19766 19838 19839 19871 19932 19954 19979 20014 20051 20066 20075 20109 20145 20146 20148 20191 20212 20219 20254 20277 20278 20287 20288 20340 20350 20351 20382 20391 20413 20414 20432 20438 20481 20525 20552 20575 20622 20723 20751 20773 20786 20819 20839 20850 
	}
	manpower=0
	buildings_max_level_factor=1.000
	local_supplies=0.0 
}
