state={
	id=105
	name="STATE_105"
	provinces={
		68 74 131 194 511 557 601 804 815 869 1016 1110 1118 1223 1331 1392 1407 1448 1770 1778 1794 1899 1901 1993 2063 2088 2147 2230 2540 2655 2771 2917 3034 3047 3268 3330 3423 3538 3558 3567 3660 3676 3805 3872 3899 3904 4017 4260 4349 4354 4366 4418 4543 4548 4569 4623 4685 4705 4713 4858 5007 5022 5049 5066 5188 5248 5383 5407 5642 5675 5761 5830 5837 5854 6052 6387 6465 6527 6543 6591 6721 6846 6907 7042 7055 7064 7201 7426 7489 7492 7550 7717 7735 8061 8111 8162 8234 8310 8412 8413 8707 8812 8848 9020 9038 9062 9101 9316 9403 9446 9450 9694 9784 9835 9924 9968 9988 10082 10180 10183 10192 10266 10352 10379 10570 10587 10929 10942 10944 19245 19342 19351 19419 19441 19453 19518 19549 19634 19721 19722 19738 19762 19813 19845 19846 19876 19877 19886 19887 19888 19889 19900 19926 19946 19952 19958 19967 19975 19976 19995 20019 20027 20033 20039 20040 20041 20047 20048 20070 20081 20082 20105 20113 20114 20121 20122 20153 20161 20162 20177 20178 20179 20198 20199 20225 20226 20227 20249 20283 20294 20295 20318 20349 20356 20357 20371 20378 20379 20396 20408 20409 20427 20444 20454 20455 20462 20484 20495 20522 20543 20544 20550 20561 20583 20590 20591 20596 20604 20608 20629 20638 20647 20648 20656 20657 20698 20704 20716 20737 20738 20757 20765 20771 20782 20789 20798 20808 20845 20877 20878 20909 20910 20912 20919 20920 20930 20940 20954 20967 20971 20972 20991 20999 21000 21013 21025 21053 21054 21105 21106 21124 21156 
	}
	manpower=0
	buildings_max_level_factor=1.000
	local_supplies=0.0 
}
