state={
	id=106
	name="STATE_106"
	provinces={
		101 215 265 319 328 352 474 516 866 902 1057 1081 1162 1169 1335 1449 1873 2077 2104 2301 2588 2589 2611 2763 2828 2930 2988 3026 3042 3098 3224 3297 3312 3468 3595 3827 3941 3987 3988 4056 4248 4286 4450 4487 4545 4640 4688 4721 4829 4881 5038 5114 5133 5258 5263 5440 5541 5605 5638 5651 5705 5775 5823 5903 5911 5941 5948 5964 5999 6021 6240 6270 6277 6284 6310 6344 6345 6389 6578 6602 6628 6736 6883 6905 7083 7176 7215 7507 7562 7588 7637 7865 7956 7961 8160 8213 8314 8543 8611 8731 9369 9595 9639 9893 9985 10094 10541 10579 10604 10672 10740 10846 19329 19345 19404 19431 19457 19485 19522 19542 19570 19598 19599 19607 19685 19693 19727 19739 19786 19810 19822 19836 19851 19881 19894 19895 19949 19960 19961 19972 19977 19987 19988 19997 20011 20012 20049 20064 20108 20117 20118 20125 20139 20140 20155 20164 20165 20170 20202 20203 20210 20229 20230 20251 20270 20276 20284 20285 20286 20306 20307 20312 20313 20330 20339 20359 20360 20361 20362 20380 20381 20390 20401 20429 20430 20445 20459 20465 20471 20472 20473 20511 20512 20513 20524 20531 20532 20563 20573 20584 20585 20592 20615 20621 20650 20681 20706 20707 20722 20750 20759 20776 20792 20811 20833 20848 20862 20863 20868 20885 20902 20914 20932 20960 20979 20987 21014 21137 21150 21232 21233 21286 21287 21319 21329 21374 21383 21425 21433 21443 21510 21565 21629 
	}
	manpower=0
	buildings_max_level_factor=1.000
	local_supplies=0.0 
}
