state={
	id=107
	name="STATE_107"
	provinces={
		155 163 268 321 495 512 720 765 781 810 871 990 996 1019 1134 1354 1367 1427 1473 1579 1822 1928 2118 2255 2272 2290 2292 2316 2335 2730 2782 2846 2864 2978 3055 3095 3220 3303 3355 3390 3405 3407 3507 3531 3594 3704 3734 4055 4069 4128 4211 4225 4510 4700 4859 4959 4986 5063 5207 5235 5303 5346 5489 5567 5668 5838 5889 5901 5915 5929 5959 6011 6049 6125 6259 6285 6445 6549 6599 6616 6932 6945 6983 7044 7047 7048 7148 7222 7230 7243 7266 7343 7396 7595 7663 7870 7969 8062 8165 8246 8360 8388 8467 8499 8528 8552 8574 8595 8608 8703 8953 8958 9001 9034 9106 9140 9272 9550 9660 9769 9778 9782 9834 9849 9873 9884 9888 9998 10003 10115 10281 10293 10472 10520 10553 10641 10709 10753 10798 10894 19475 19492 19557 19563 19656 19657 19690 19699 19700 19733 19754 19793 19794 19805 19829 19855 19869 19874 19914 19915 19925 19940 19941 19942 19943 19951 19957 20008 20009 20026 20030 20038 20061 20080 20089 20096 20097 20103 20104 20112 20132 20133 20159 20160 20167 20168 20174 20175 20183 20184 20197 20224 20235 20242 20248 20263 20321 20322 20328 20332 20333 20334 20355 20369 20370 20377 20383 20384 20394 20395 20404 20417 20425 20426 20443 20452 20453 20460 20461 20483 20494 20502 20503 20509 20527 20528 20538 20542 20549 20570 20571 20572 20582 20588 20595 20612 20613 20614 20645 20666 20677 20697 20703 20742 20747 20763 20775 20802 20830 20831 20837 20838 20876 20882 20883 20893 20894 20900 20918 20937 20938 20950 20951 20958 20966 20985 20997 20998 21006 21019 21035 21038 21039 21061 21062 21072 21078 21085 21103 21111 21121 21122 21141 21154 21167 21202 21216 21218 21223 21243 21251 21275 21283 21304 21322 21342 21418 21601 21609 
	}
	manpower=0
	buildings_max_level_factor=1.000
	local_supplies=0.0 
}
