state={
	id=108
	name="STATE_108"
	provinces={
		21 169 643 734 833 893 970 1041 1155 1235 1490 1528 1627 1642 1643 1696 1707 1834 1881 1893 1991 2071 2093 2362 2398 2910 3050 3113 3139 3478 3627 4331 4404 4452 4698 4733 5123 5140 5214 5266 5338 5432 5530 5946 6215 6363 6666 6679 6728 6743 6858 6897 6910 7030 7198 7321 7603 8179 8320 8352 8399 8455 8586 8728 8784 9314 9411 9529 9731 9773 9891 10080 10083 10088 10429 10459 10648 10779 10800 19161 19197 19207 19259 19346 19480 19534 19560 19589 19662 19741 19800 19823 19824 19896 19908 19989 20050 20074 20093 20156 20157 20189 20236 20245 20253 20265 20297 20314 20320 20325 20363 20372 20373 20385 20402 20412 20431 20446 20466 20474 20487 20488 20505 20533 20540 20564 20574 20599 20609 20632 20633 20671 20700 20708 20709 20717 20733 20760 20766 20772 20777 20784 20785 20812 20821 20822 20834 20835 20849 20869 20870 20886 20887 20903 20943 20944 20961 20968 20974 20980 20994 21036 21037 21083 21090 21158 21170 21208 21226 21245 
	}
	manpower=0
	buildings_max_level_factor=1.000
	local_supplies=0.0 
}
