state={
	id=109
	name="STATE_109"
	provinces={
		16 32 65 103 118 175 236 350 519 530 560 599 642 644 666 672 724 783 1037 1044 1050 1214 1249 1362 1409 1421 1534 1581 1598 1617 1654 1850 1904 1922 1979 2008 2031 2039 2114 2400 2443 2576 2676 2833 3408 3434 3610 3624 3742 3798 4392 4397 4437 4471 4491 4498 4500 4663 4783 4814 4849 4942 4974 5016 5219 5271 5288 5360 5462 5702 5862 5921 5985 6046 6201 6226 6256 6487 6552 6792 6802 6836 6866 7209 7220 7441 7467 7487 7825 7857 7873 7935 8197 8344 8407 8482 8639 8642 8675 8792 8794 8939 8952 8985 9031 9156 9167 9240 9254 9273 9302 9342 9400 9402 9484 9528 9724 9787 9904 10052 10257 10277 10324 10395 10399 10621 10704 10728 10833 10848 10990 19472 19516 19695 19735 19736 19768 19782 19783 19790 19801 19816 19828 19841 19852 19867 19905 19911 19920 19921 19933 19939 19955 19964 19973 19974 19980 19993 20001 20002 20015 20021 20022 20023 20029 20045 20058 20059 20067 20068 20076 20095 20100 20101 20102 20119 20120 20128 20142 20149 20171 20172 20192 20193 20206 20220 20221 20231 20232 20238 20239 20240 20246 20255 20272 20298 20299 20300 20301 20309 20315 20326 20343 20344 20354 20366 20374 20386 20392 20393 20415 20421 20422 20433 20439 20448 20449 20450 20468 20469 20476 20490 20491 20498 20499 20500 20506 20516 20526 20536 20559 20560 20565 20566 20577 20578 20600 20601 20602 20607 20611 20616 20617 20624 20636 20641 20642 20653 20662 20663 20664 20672 20673 20683 20686 20687 20691 20692 20710 20711 20720 20725 20726 20754 20762 20768 20769 20780 20788 20793 20807 20823 20824 20825 20826 20836 20841 20852 20855 20872 20889 20890 20905 20906 20926 20927 20949 20982 21009 21018 21033 21068 21069 21070 21074 21075 21093 21100 21129 21140 21145 21153 21163 21164 21165 21188 21199 21210 21222 21242 21248 21249 21268 21274 21290 21303 
	}
	manpower=0
	buildings_max_level_factor=1.000
	local_supplies=0.0 
}
