state={
	id=110
	name="STATE_110"
	provinces={
		64 351 424 537 738 1129 1261 1303 1341 1385 1496 1562 1586 1744 1746 1773 1826 1858 1876 1891 1912 1945 1968 2092 2149 2164 2166 2204 2216 2274 2330 2382 2592 2617 2621 2735 2778 3110 3140 3170 3187 3366 3452 3527 3603 3787 3828 3961 4043 4097 4182 4324 4370 4374 4512 4546 4608 4681 4756 4906 4940 5044 5164 5253 5300 5348 5390 5472 5502 5603 5679 5682 5989 6044 6193 6247 6275 6362 6453 6735 6774 6980 7017 7259 7318 7402 7403 7477 7520 7594 7601 7631 7697 7972 8151 8205 8270 8290 8317 8362 8463 8562 8744 8746 8748 8761 8824 9061 9225 9265 9413 9472 9715 9882 9886 9986 10141 10398 10441 10566 10658 10780 10837 10879 10991 11000 19878 19919 19968 20055 20056 20071 20091 20115 20123 20147 20163 20169 20186 20187 20200 20201 20209 20243 20258 20267 20296 20323 20336 20337 20358 20397 20398 20399 20405 20410 20418 20456 20457 20463 20479 20480 20485 20486 20504 20523 20529 20545 20546 20547 20551 20557 20562 20597 20598 20605 20619 20620 20630 20631 20639 20640 20649 20668 20678 20685 20689 20699 20730 20731 20732 20739 20748 20749 20758 20783 20790 20791 20803 20809 20817 20832 20846 20847 20853 20859 20860 20879 20901 20921 20922 20923 20931 20941 20955 20959 20973 20986 20992 20993 21001 21026 21027 21046 21055 21056 21073 21080 21086 21087 21088 21089 21096 21126 21134 21135 21148 21157 21168 21203 21217 21224 21231 21270 21271 21294 21300 21305 21317 21327 21345 21346 21365 21371 21381 
	}
	manpower=0
	buildings_max_level_factor=1.000
	local_supplies=0.0 
}
