state={
	id=111
	name="STATE_111"
	provinces={
		22 60 69 71 127 146 172 348 470 649 675 986 1317 1378 1553 1557 1582 1614 1629 1638 1656 1661 1700 1710 1783 1936 2006 2112 2357 2387 2454 2636 2694 2788 3189 3422 3464 3488 3584 3592 3593 3596 3698 3804 3903 3923 3924 3970 4004 4088 4089 4184 4203 4246 4279 4314 4461 4466 4580 4604 4662 4778 4825 4880 4894 4911 4946 5006 5025 5058 5061 5089 5162 5426 5527 5577 5779 5851 5858 5963 6041 6072 6116 6311 6416 6563 6645 6704 6794 6806 6845 6965 6970 7069 7186 7199 7276 7279 7325 7385 7423 7475 7592 7606 7673 7684 7802 7855 7864 7867 7874 7939 8009 8023 8181 8215 8373 8488 8521 8669 8725 8738 8764 8774 8829 8836 8873 8908 8911 9039 9042 9147 9226 9243 9323 9473 9542 9689 9706 9746 9841 10081 10128 10176 10285 10350 10458 10528 10551 10552 10832 10877 10905 10920 11004 11009 19924 20006 20060 20069 20079 20131 20152 20215 20216 20241 20247 20275 20279 20280 20281 20293 20304 20317 20346 20347 20348 20368 20376 20403 20407 20416 20423 20424 20441 20442 20493 20508 20519 20520 20521 20537 20555 20556 20569 20580 20581 20594 20603 20618 20628 20644 20659 20660 20661 20665 20675 20676 20695 20696 20702 20714 20721 20728 20735 20736 20741 20770 20795 20815 20828 20829 20842 20843 20844 20856 20857 20874 20875 20881 20891 20892 20916 20917 20929 20935 20936 20946 20947 20957 20965 20977 20983 20984 21005 21011 21024 21034 21045 21051 21052 21071 21077 21081 21084 21101 21102 21110 21119 21120 21146 21147 21173 21182 21183 21194 21200 21201 21211 21215 21236 21250 21254 21255 21263 21264 21282 21291 21296 21310 21315 21326 21334 21340 21351 21357 21363 21410 21411 21424 21448 21455 21465 21466 21472 21477 21486 21487 21514 21515 21516 21536 21537 21555 21559 21579 21599 21600 21626 21642 21671 21701 21719 21726 21727 21744 21773 21781 21784 21785 21808 21809 21845 21848 21903 21911 21914 21953 21998 21999 22035 
	}
	manpower=0
	buildings_max_level_factor=1.000
	local_supplies=0.0 
}
