state={
	id=112
	name="STATE_112"
	provinces={
		324 524 578 828 859 1704 2103 2699 2895 3532 3668 3686 3738 3902 4530 4573 4636 4929 5024 5277 5420 5883 6047 6117 6405 6408 6540 6669 6775 6874 6904 7100 7206 7284 7310 7322 7463 7715 7797 7901 8622 8864 8968 9082 9320 9532 9825 9844 9939 10147 10361 10493 10516 10526 10939 10988 20151 20196 20233 20234 20262 20303 20375 20387 20406 20434 20435 20440 20451 20477 20482 20492 20501 20507 20517 20518 20541 20548 20553 20554 20567 20568 20579 20625 20626 20627 20637 20643 20654 20674 20684 20688 20693 20694 20701 20712 20713 20727 20734 20755 20756 20774 20781 20794 20801 20814 20820 20827 20866 20867 20873 20899 20907 20928 20934 20945 20970 20996 21004 21010 21044 21059 21060 21076 21118 21132 21166 21181 21193 
	}
	manpower=0
	buildings_max_level_factor=1.000
	local_supplies=0.0 
}
