state={
	id=113
	name="STATE_113"
	provinces={
		96 325 499 605 879 1059 1304 1334 1681 1854 2027 2135 2226 2386 2442 2616 2642 2726 2795 3221 3376 3456 3934 4114 4180 4837 4879 4914 4948 4975 5262 5680 5726 5916 6296 6319 6403 6668 6766 7091 7114 7212 7502 7708 8057 8220 8585 8597 8821 8957 9489 9555 9591 9804 9827 9864 10029 10070 10145 10197 10216 10246 10411 20411 20470 20496 20530 20558 20606 20669 20670 20679 20680 20705 20740 20743 20744 20745 20804 20810 20818 20861 20896 20913 20942 20948 20978 21002 21028 21047 21066 21082 21107 21112 21136 21142 21143 21149 21169 21177 21197 21204 21205 21213 21239 21252 21259 21266 21267 21318 21347 21360 21373 21395 21405 21459 21480 21500 21522 21530 21544 21556 21564 21584 21593 21594 21628 21638 21644 21654 21659 21673 21698 21730 21749 
	}
	manpower=0
	buildings_max_level_factor=1.000
	local_supplies=0.0 
}
