state={
	id=114
	name="STATE_114"
	provinces={
		112 135 178 232 253 305 409 591 623 1048 1128 1159 1202 1231 1481 1556 1651 1748 1792 1918 2015 2084 2256 2415 2436 2515 2821 2872 3020 3132 3184 3214 3244 3285 3322 3335 3402 3514 3591 3919 4092 4163 4274 4303 4416 4493 4533 4588 4610 4614 4757 4782 4813 4968 4983 5239 5411 5891 6149 6346 6414 6472 6546 6643 6651 6729 6784 6796 6801 7000 7264 7293 7498 7712 7721 7743 7930 7959 8308 8410 8565 8609 8631 8638 8766 8769 8993 9098 9255 9257 9264 9319 9359 9521 9547 9906 9947 9955 10026 10129 10204 10294 10407 10635 10735 10754 10812 10902 11002 20719 20752 20753 20778 20799 20800 20813 20840 20854 20864 20865 20871 20880 20897 20898 20911 20915 20925 20933 20956 20964 20969 20976 20989 20990 21015 21016 21017 21022 21023 21032 21041 21042 21043 21049 21050 21108 21109 21115 21116 21117 21128 21139 21144 21152 21162 21180 21186 21187 21192 21221 21227 21228 21235 21241 21247 21253 21280 21281 21295 21309 21313 21314 21321 21333 21356 21362 21368 21378 21389 21402 21409 21417 21427 21437 21446 21447 21476 21493 21494 21513 21519 21535 21547 21548 21570 21586 21587 21588 21614 21621 21641 21657 21670 21706 21713 21743 21754 21791 21805 
	}
	manpower=0
	buildings_max_level_factor=1.000
	local_supplies=0.0 
}
