state={
	id=115
	name="STATE_115"
	provinces={
		15 43 67 116 148 243 284 287 598 678 683 790 817 899 950 988 1108 1119 1372 1415 1419 1531 1555 1835 1981 2005 2012 2020 2056 2062 2108 2277 2291 2610 2646 2762 2817 2842 2863 2871 2874 2880 2935 2936 3294 3306 3356 3364 3400 3708 3891 3999 4020 4174 4185 4206 4308 4373 4476 4481 4674 4693 4695 4736 4789 5208 5378 5485 5548 5658 5780 5828 5842 5849 5863 6022 6107 6213 6316 6412 6470 6559 6590 6700 6708 6733 6751 6770 6937 6954 6990 7219 7323 7496 7518 7610 7670 7788 7810 7871 7910 7913 8030 8082 8143 8233 8236 8393 8415 8430 8461 8486 8661 8816 8818 8919 8964 9022 9030 9052 9096 9203 9397 9482 9525 9536 9733 9797 9993 10315 10337 10451 10453 10565 10596 10610 10726 10730 10760 10909 20539 20589 20646 20655 20667 20715 20729 20764 20796 20797 20816 20858 20884 20895 20908 20939 20952 20953 21007 21012 21020 21063 21064 21079 21094 21095 21104 21123 21130 21155 21174 21184 21189 21195 21219 21229 21237 21238 21256 21257 21269 21276 21284 21297 21298 21299 21323 21331 21335 21343 21344 21352 21353 21354 21369 21370 21379 21390 21391 21394 21403 21404 21428 21429 21439 21440 21449 21450 21456 21467 21478 21495 21496 21503 21507 21517 21527 21538 21549 21573 21574 21580 21581 21582 21583 21592 21602 21603 21610 21622 21633 21643 21651 21663 21664 21667 21668 21676 21677 21697 21708 21709 21714 21720 21721 21722 21728 21731 21748 21755 21756 21763 21774 21792 21802 21820 21879 21915 21964 21979 22000 22044 22265 
	}
	manpower=0
	buildings_max_level_factor=1.000
	local_supplies=0.0 
}
