state={
	id=116
	name="STATE_116"
	provinces={
		230 367 835 842 1008 1076 1296 1343 1355 1422 1468 1602 1819 1877 1923 2199 2222 2244 2263 2747 3041 3232 3264 3701 3744 4164 4240 4251 4678 4856 5136 5305 5323 5324 5376 5418 5608 5739 5880 5949 6113 6148 6154 6162 6325 6337 6545 6789 6892 7167 7891 7941 8071 8106 8204 8298 8569 8691 8807 8997 9011 9078 9626 9920 10009 10375 10408 10481 10568 10603 21021 21260 21289 21387 21399 21400 21407 21413 21414 21421 21436 21470 21474 21483 21484 21501 21552 21558 21596 21606 21607 21618 21625 21631 21632 21647 21660 21661 21666 21683 21687 21736 21741 21745 21767 21768 21769 21789 21790 21801 21815 21816 21825 21826 21842 21855 21864 21868 21882 21892 21909 21923 21926 21927 21961 21962 21963 21976 22010 22033 22037 22053 22080 22168 
	}
	manpower=0
	buildings_max_level_factor=1.000
	local_supplies=0.0 
}
