state={
	id=117
	name="STATE_117"
	provinces={
		258 261 355 379 493 609 630 897 907 935 1020 1172 1217 1276 1285 1347 1374 1439 1488 1516 1536 1597 1796 2068 2085 2196 2243 2528 2558 2570 2710 2789 3183 3213 3250 3350 3453 3516 3549 3748 3757 3833 3896 3917 3965 3978 4342 4430 4465 4822 4910 5001 5020 5198 5307 5317 5401 5574 5598 6227 6268 6323 6444 6611 6730 6798 6863 7302 7338 7481 7661 7737 7863 7951 7953 8174 8227 8448 8537 8673 8787 8966 9119 9184 9253 9370 9407 9410 9544 9693 10139 10236 10302 10387 10428 10488 10508 10555 10703 10705 10843 10876 10913 10928 10951 11023 20213 20237 20261 20289 20290 20305 20308 20331 20341 20364 20419 20467 20475 20489 20497 20514 20515 20576 20586 20593 20623 20634 20651 20652 20658 20682 20690 20718 20724 20746 20761 20767 20787 20805 20806 20851 20888 20904 20924 20962 20963 20975 20981 20995 21008 21030 21031 21048 21058 21067 21091 21092 21114 21131 21138 21171 21172 21209 21214 21234 21246 21261 21262 21273 21279 21307 21308 21320 21339 21350 21367 21377 21393 21401 21408 21422 21423 21426 21452 21454 21462 21463 21464 21475 21485 21491 21492 21502 21525 21526 21532 21533 21534 21554 21568 21569 21585 21598 21613 21649 
	}
	manpower=0
	buildings_max_level_factor=1.000
	local_supplies=0.0 
}
