state={
	id=118
	name="STATE_118"
	provinces={
		8 18 54 212 339 378 401 515 552 582 733 744 955 1003 1004 1094 1174 1357 1493 1630 1699 1775 1776 1896 1937 1970 2028 2097 2250 2259 2349 2673 2945 3008 3021 3037 3286 3291 3315 3360 3445 3620 3735 3762 4063 4067 4071 4083 4363 4367 4422 4436 4730 4852 4928 4972 4973 4990 5120 5160 5274 5321 5422 5515 5520 5599 5717 5782 5808 5826 5857 5913 5988 6092 6121 6139 6195 6448 6544 6600 6636 6853 6895 6993 7152 7229 7251 7324 7383 7414 7435 7639 7645 7704 7954 8229 8238 8266 8345 8468 8469 8496 8648 8741 8753 8886 9002 9209 9269 9300 9308 9349 9390 9401 9406 9464 9611 9709 9788 9901 10078 10209 10267 10270 10372 10423 10561 10782 10861 10865 10959 10973 10981 21065 21125 21133 21175 21176 21190 21196 21212 21230 21258 21265 21272 21285 21292 21293 21311 21316 21324 21336 21337 21341 21358 21364 21380 21397 21398 21430 21441 21442 21451 21457 21468 21473 21497 21498 21504 21508 21509 21520 21539 21542 21550 21560 21561 21562 21575 21604 21611 21615 21623 21627 21634 21635 21636 21652 21678 21679 21680 21690 21691 21692 21710 21723 21724 21757 21758 21759 21764 21775 21782 21793 21794 21813 21821 21822 21835 21836 21837 21849 21870 21874 21880 21885 21886 21887 21893 21898 21904 21916 21917 21920 21921 21930 21936 21937 21942 21945 21946 21959 21965 21970 21971 21990 21991 22001 22007 22012 22015 22016 22024 22030 22036 22045 22046 22051 22056 22075 22083 22086 22089 22091 22094 22100 22104 22112 22113 22116 22123 22124 22128 22133 22152 22159 22179 22181 22185 22192 22219 22222 22235 22252 22262 22266 22289 22334 
	}
	manpower=0
	buildings_max_level_factor=1.000
	local_supplies=0.0 
}
