state={
	id=119
	name="STATE_119"
	provinces={
		12 24 160 186 218 386 459 546 585 619 620 621 651 693 750 767 808 818 919 979 1013 1097 1190 1236 1306 1584 1781 1857 2004 2022 2033 2219 2245 2254 2278 2331 2414 2423 2440 2564 2571 2574 2644 2723 2932 3019 3046 3115 3204 3209 3216 3218 3346 3371 3576 3590 3607 3612 3746 3799 3920 3921 3982 4019 4139 4167 4179 4212 4231 4319 4353 4424 4638 5051 5065 5194 5389 5441 5442 5557 5559 5582 5630 5732 5749 5751 5777 5798 5835 5874 5925 6001 6030 6073 6095 6099 6104 6124 6164 6178 6222 6234 6250 6366 6411 6455 6536 6558 6564 6576 6610 6664 6667 6678 6739 6790 6803 6885 6916 7012 7073 7108 7111 7162 7221 7362 7382 7466 7469 7473 7536 7578 7617 7691 7744 7762 7785 7823 7886 7923 7925 7940 8029 8038 8075 8093 8139 8198 8244 8330 8377 8438 8449 8462 8481 8560 8641 8646 8757 8876 9028 9070 9085 9223 9289 9398 9455 9463 9491 9578 9649 9705 9789 9806 9818 10019 10140 10177 10218 10244 10283 10323 10425 10436 10439 10463 10497 10571 10572 10623 10650 10752 10778 10970 20988 21003 21029 21040 21057 21097 21127 21151 21178 21185 21191 21198 21206 21207 21220 21225 21240 21244 21277 21278 21288 21301 21302 21306 21312 21325 21330 21338 21348 21349 21355 21361 21366 21372 21375 21376 21384 21385 21386 21392 21396 21406 21412 21416 21419 21420 21434 21435 21444 21445 21460 21461 21481 21482 21489 21490 21505 21511 21518 21523 21531 21541 21545 21551 21557 21566 21576 21577 21595 21605 21612 21617 21630 21639 21645 21646 21655 21656 21665 21669 21674 21675 21681 21682 21699 21702 21703 21711 21716 21717 21725 21734 21735 21740 21750 21765 21766 21777 21778 21786 21787 21788 21796 21811 21812 21824 21833 21834 21840 21841 21852 21853 21854 21860 21863 21866 21867 21871 21872 21889 21890 21891 21899 21906 21908 21912 21925 21938 21943 21944 21948 21949 21956 21960 21967 21982 21985 21986 21987 21996 21997 22003 22017 22026 22027 22032 22039 22040 22043 22048 22063 22064 22065 22071 22072 22077 22078 22084 22095 22101 22102 22105 22119 22125 22131 22134 22135 22136 22146 22147 22148 22165 22166 22175 22189 22196 22202 22203 22209 22216 22217 22218 22227 22237 22247 22248 22249 22255 22257 22282 22292 22302 22309 22328 22347 22351 22364 22373 22386 22399 22400 22413 22418 22428 22434 22435 22443 22468 22478 22503 22507 
	}
	manpower=0
	buildings_max_level_factor=1.000
	local_supplies=0.0 
}
