state={
	id=120
	name="STATE_120"
	provinces={
		108 354 451 659 667 714 763 786 795 1017 1165 1218 1221 1381 1510 1547 1875 2019 2126 2393 2506 2536 2761 2808 2900 3051 3087 3211 3342 3404 3415 3440 3544 3545 3547 3714 3740 3771 4011 4301 4525 4579 4620 4653 4718 4748 4900 4901 5004 5040 5078 5097 5124 5230 5234 5306 5363 5385 5428 5516 5681 5741 5870 5934 6098 6352 6529 6660 6677 6740 6944 7021 7098 7142 7483 7527 7565 7898 7958 8189 8216 8230 8346 8539 8589 8754 8913 8918 8923 8946 9076 9301 9304 9466 9514 9554 9745 10178 10256 10424 10442 10605 10742 10813 10852 10916 21328 21359 21382 21415 21431 21432 21458 21469 21479 21488 21499 21521 21528 21529 21540 21543 21563 21589 21590 21616 21624 21637 21653 21658 21672 21685 21686 21693 21715 21729 21732 21733 21739 21752 21760 21776 21783 21795 21803 21823 21838 21846 21850 21851 21858 21875 21881 21888 21894 21922 21924 21931 21966 21972 21975 21980 22008 22019 22025 22031 22052 22061 22070 22076 22109 22110 22114 22117 22129 22141 22142 22143 22153 22154 22164 22174 22186 22194 22195 22200 22205 22215 22223 22226 22230 22243 22254 22267 22268 22273 22280 22281 22290 22291 22301 22306 22307 22308 22317 22321 22322 22323 22341 22345 22346 22350 22372 22377 22389 22390 22393 22404 22407 22412 22417 22420 22427 22433 22438 22439 22449 22450 22460 22461 22465 22472 22473 22502 22538 
	}
	manpower=0
	buildings_max_level_factor=1.000
	local_supplies=0.0 
}
