state={
	id=121
	name="STATE_121"
	provinces={
		33 105 150 203 237 297 389 465 475 610 694 794 853 914 1007 1181 1238 1323 1352 1416 1417 1463 1486 1599 1657 1719 1806 1866 2169 2402 2457 2508 2511 2759 2830 2890 3074 3081 3664 3726 3758 3878 3914 3952 4051 4133 4173 4341 4347 4522 4598 4706 4882 4903 5039 5257 5631 5708 5847 5861 5869 5886 5936 5962 5981 6074 6129 6176 6504 6566 6573 6927 7041 7066 7120 7170 7173 7178 7234 7290 7418 7449 7731 7885 7979 7985 8060 8196 8332 8397 8650 8670 8719 8826 8842 8891 8955 9004 9032 9051 9135 9170 9178 9277 9278 9325 9417 9454 9509 9530 9552 9575 9618 9676 9742 9743 9753 9900 10001 10150 10258 10467 10479 10663 10710 10835 10898 10994 11005 21578 21608 21619 21648 21662 21684 21688 21704 21705 21718 21737 21742 21753 21761 21779 21780 21797 21817 21818 21827 21828 21843 21844 21856 21857 21861 21869 21876 21877 21896 21897 21900 21901 21910 21913 21919 21932 21940 21941 21950 21951 21957 21968 21969 21974 21977 21981 21983 21988 21989 21992 21993 22004 22005 22011 22013 22014 22028 22034 22038 22054 22057 22058 22067 22073 22074 22081 22085 22088 22090 22103 22107 22108 22111 22122 22126 22132 22139 22149 22150 22151 22157 22158 22160 22161 22162 22177 22184 22198 22199 22207 22210 22211 22212 22224 22233 22234 22238 22245 22250 22251 22258 22259 22260 22261 22270 22271 22276 22277 22295 22304 22312 22313 22327 22329 22330 22336 22343 22349 22352 22356 22359 22367 22382 22383 22387 22388 22395 22396 22414 22423 22452 22453 22459 22471 22483 22487 22541 22598 22604 
	}
	manpower=0
	buildings_max_level_factor=1.000
	local_supplies=0.0 
}
