state={
	id=122
	name="STATE_122"
	provinces={
		85 134 463 467 564 632 827 962 1055 1082 1105 1120 1212 1396 1465 1551 1552 1578 1596 1622 1769 1818 1836 1837 1842 2086 2167 2178 2214 2236 2266 2309 2394 2424 2451 2530 2578 2614 2651 2822 2948 3121 3202 3252 3359 3444 3525 3529 3582 3583 3647 3685 3711 3922 3964 3980 4074 4116 4183 4259 4323 4410 4462 4692 4694 4720 4784 4811 4889 4949 4951 5045 5079 5453 5504 5767 5768 5853 5888 5892 5908 5910 6120 6297 6303 6342 6358 6404 6409 6510 6607 6716 6814 6911 6918 6989 7005 7023 7027 7072 7081 7124 7225 7415 7425 7501 7573 7609 7644 7667 7669 7808 7922 8153 8159 8188 8283 8343 8354 8383 8500 8503 8651 8730 8763 8796 8840 8859 8970 9029 9141 9164 9194 9471 9564 9619 9620 9650 9667 9710 9758 9780 9781 9792 9801 9816 9899 9929 9967 10114 10304 10330 10370 10490 10549 10580 10619 10644 10723 10881 10948 11029 21471 21512 21524 21546 21553 21567 21591 21597 21620 21640 21694 21695 21712 21746 21770 21771 21798 21799 21804 21829 21878 21883 21902 21907 21928 21929 21933 21934 21958 21984 22006 22029 22050 22055 22059 22060 22082 22098 22099 22127 22140 22163 22178 22180 22191 22208 22213 22220 22221 22225 22239 22240 22241 22264 22278 22279 22288 22305 22319 22320 22331 22332 22333 22337 22338 22357 22360 22361 22362 22368 22369 22370 22371 22384 22397 22403 22409 22410 22411 22415 22424 22425 22437 22447 22448 22454 22457 22484 22485 22488 22494 22498 22508 22509 22510 22515 22516 22520 22526 22527 22528 22536 22544 22545 22548 22549 22553 22558 22567 22572 22573 22574 22578 22584 22585 22588 22597 22599 22605 22609 22610 22614 22618 22619 22625 22628 22629 22634 22635 22640 22644 22657 22658 22666 22667 22674 22687 22691 22692 22703 22707 22711 22715 22716 22721 22732 22735 22751 22755 22756 22758 22762 22770 22772 22773 22774 22779 22787 22793 22794 22796 22800 22809 22813 22816 22823 22826 22829 22830 
	}
	manpower=0
	buildings_max_level_factor=1.000
	local_supplies=0.0 
}
