state={
	id=123
	name="STATE_123"
	provinces={
		7 23 53 107 205 210 278 279 302 358 479 705 713 829 848 850 1051 1065 1074 1265 1316 1393 1400 1432 2101 2143 2327 2431 2447 2631 2657 2707 2812 2823 2824 2861 2970 3171 3192 3200 3231 3258 3266 3308 3397 3430 3486 3535 3573 3650 3813 3816 3850 3885 3900 3930 3992 4157 4232 4265 4283 4362 4379 4453 4540 4581 4615 4658 4712 4719 4753 4786 5202 5217 5314 5319 5392 5618 5645 5687 5694 5712 5824 5850 5932 5939 6002 6036 6146 6223 6322 6499 6553 6621 6631 6661 6687 6797 6816 6827 6939 6963 7018 7051 7226 7522 7531 7625 7633 7724 7784 7824 7847 7861 8103 8136 8185 8240 8375 8423 8502 8798 8819 8916 8931 8995 9027 9071 9142 9218 9235 9432 9524 9613 9627 9681 9775 9948 9981 9992 10040 10120 10608 10747 10840 10892 10900 10962 10963 10975 21939 21973 22009 22021 22041 22049 22066 22079 22093 22096 22097 22106 22118 22121 22137 22138 22156 22167 22169 22170 22171 22172 22176 22182 22183 22190 22197 22204 22206 22228 22229 22231 22232 22244 22256 22263 22269 22274 22275 22283 22284 22285 22287 22293 22294 22296 22297 22303 22310 22315 22318 22324 22325 22339 22340 22348 22354 22355 22365 22374 22375 22376 22378 22379 22391 22394 22401 22402 22421 22430 22432 22436 22440 22441 22456 22458 22462 22463 22466 22469 22474 22475 22479 22480 22489 22491 22492 22493 22496 22499 22504 22512 22513 22514 22518 22522 22523 22524 22525 22531 22539 22540 22542 22546 22551 22552 22554 22555 22560 22565 22566 22569 22570 22571 22577 22580 22586 22589 22590 22601 22602 22607 22608 22612 22616 22621 22623 22627 22630 22631 22637 22645 22647 22651 22653 22654 22671 22677 22678 22689 22690 22693 22697 22698 22699 22700 22710 22713 22714 22718 22725 22726 22730 22731 22738 22739 22740 22746 22749 22757 
	}
	manpower=0
	buildings_max_level_factor=1.000
	local_supplies=0.0 
}
