state={
	id=124
	name="STATE_124"
	provinces={
		341 758 766 1178 1250 1353 1697 2412 2552 2595 2602 2715 2756 2832 2894 3439 3565 3722 4317 5012 5328 5465 5616 6241 6451 6482 6695 6767 7146 7582 7585 7820 7838 7981 8063 8315 8365 8524 8573 8899 9095 9099 9181 9517 9559 9875 9941 10413 10418 10498 10721 22173 22193 22214 22242 22246 22253 22272 22286 22299 22300 22314 22316 22335 22344 22353 22358 22385 22392 22416 22419 22426 22429 22442 22467 22477 22495 22501 22506 22511 22517 22529 22530 22537 22559 22562 22563 22568 22576 22593 22595 22600 22606 22611 22615 22620 22622 22624 22626 22643 22659 22668 22670 22673 22676 22684 22685 
	}
	manpower=0
	buildings_max_level_factor=1.000
	local_supplies=0.0 
}
