state={
	id=125
	name="STATE_125"
	provinces={
		345 413 481 572 802 903 915 948 1215 1434 1658 1897 1976 2023 2041 2262 3018 3085 3562 3736 3943 4018 4030 4068 4102 4129 4300 4585 4999 5032 5290 5326 5343 5487 5497 5509 5619 5795 5812 5965 5977 6078 6160 6279 6301 6397 6713 6809 6968 7267 7333 7407 7512 7523 8025 8195 8563 8912 8936 9152 9498 9708 9754 10048 10251 10336 10367 10384 10584 10870 10904 10968 22455 22521 22533 22550 22564 22575 22579 22636 22641 22642 22646 22650 22661 22669 22672 22675 22681 22682 22695 22696 22704 22705 22708 22722 22723 22724 22727 22733 22736 22737 22745 22748 22752 22759 22766 22767 22775 22780 22782 22783 22790 22791 22792 22801 22802 22803 22810 22811 22814 22820 22821 22824 22828 22831 22833 22836 22837 22838 22839 22840 22842 22843 22846 22847 22848 22849 22851 22852 22853 22854 22857 22863 22864 22865 22867 22868 22872 22873 22874 22875 22877 22878 22881 22882 22883 22884 22885 22887 22888 22889 22892 
	}
	manpower=0
	buildings_max_level_factor=1.000
	local_supplies=0.0 
}
