state={
	id=126
	name="STATE_126"
	provinces={
		81 174 362 545 945 1177 1565 1588 1843 2187 2235 2556 2700 2703 2733 2809 2929 3044 3122 3242 3295 3411 3438 3597 3621 3716 3783 3830 3981 4138 4151 4348 4419 4708 4807 4865 4961 5115 5519 5661 5774 6119 6326 6369 6375 6439 6624 6658 6719 6823 6829 6919 7004 7157 7216 7359 7387 7401 7443 7918 8056 8072 8322 8599 8733 8988 9036 9139 9224 9375 9605 9829 10016 10095 10096 10464 10478 10600 10676 10862 11019 22298 22311 22326 22342 22380 22381 22405 22406 22408 22422 22444 22445 22446 22451 22464 22470 22476 22481 22482 22486 22490 22497 22500 22505 22519 22532 22534 22535 22543 22547 22556 22557 22561 22581 22582 22583 22587 22591 22592 22594 22596 22603 22613 22617 22632 22633 22638 22639 22648 22649 22652 22655 22656 22660 22662 22663 22664 22665 22679 22680 22686 22694 22701 22702 22706 22719 22720 22734 22742 22744 22747 22753 22754 22761 22804 22812 22819 
	}
	manpower=0
	buildings_max_level_factor=1.000
	local_supplies=0.0 
}
