state={
	id=127
	name="STATE_127"
	provinces={
		382 567 883 956 1228 1324 1394 1503 1947 2438 3058 3176 3381 3509 3645 3912 4280 4943 5054 5142 5246 5568 6168 6299 6457 7337 7365 7618 7774 7986 8261 8333 8590 8892 9217 9222 9949 10332 10540 10617 22741 22750 22760 22763 22764 22765 22768 22769 22776 22777 22778 22781 22784 22785 22786 22795 22797 22798 22799 22805 22806 22808 22815 22817 22818 22822 22825 22827 22832 22834 22835 22841 22844 22845 22850 22855 22856 22858 22859 22860 22861 22862 22866 22869 22870 22871 22876 22879 22880 22886 22890 22891 22893 22895 22896 22897 22900 22902 22903 22905 22906 22907 
	}
	manpower=0
	buildings_max_level_factor=1.000
	local_supplies=0.0 
}
