state={
	id=13
	name="STATE_13"
	provinces={
		266 411 443 540 603 692 736 749 922 1320 1321 1344 1774 1807 1879 2370 2752 2937 2944 3013 3383 3543 3948 4394 4467 4468 4913 5322 5396 5496 5674 6086 6153 6418 7166 7283 7287 7373 7374 7439 7479 7528 7938 7980 7992 8059 8065 8117 8124 8140 8163 8256 8305 8699 9250 9252 9321 9744 9845 9868 10047 10134 10151 10684 10701 10814 10971 11006 17322 17547 17571 17586 17587 17605 17606 17618 17619 17631 17664 17687 17688 17696 17703 17704 17715 17784 17791 17805 17815 17836 17844 17882 17922 17923 17933 17959 17970 17971 18011 18012 18013 18024 18047 18048 18049 18097 18110 18117 18118 18119 18132 18133 18155 18171 18195 18196 18239 18240 18251 18252 18296 18317 18318 18331 18332 18342 18351 18352 18353 18383 18384 18391 18401 18425 18426 18427 18442 18461 18478 18484 18495 18513 18514 18523 18550 18559 18576 18577 18595 18608 18609 18637 18649 18650 18662 18678 18686 18691 18725 18726 18744 18796 
	}
	manpower=0
	buildings_max_level_factor=1.000
	local_supplies=0.0 
	state_category = large_town
}
