state={
	id=27
	name="STATE_27"
	provinces={
		179 396 398 558 1251 1389 1763 1930 1983 1985 2176 2210 2722 2757 2994 3243 3442 3521 3523 3723 3880 3985 4343 4390 4846 5119 5167 5180 5224 5353 6026 6061 6082 6608 6999 7112 7213 7334 7341 7998 8231 8250 8418 8435 8658 8853 9501 9934 9983 10426 10677 10744 11033 11034 11035 11036 11037 11038 11041 11043 11044 11050 11052 11058 11061 11062 11069 11074 11076 11077 11078 11081 11086 11087 11088 11092 11094 11100 11101 11104 11105 11117 11118 11129 11146 11147 11150 11155 11165 11170 11171 11176 11177 11178 11181 11194 11196 11200 11203 11214 11231 11244 11295 
	}
	manpower=0
	buildings_max_level_factor=1.000
	local_supplies=0.0 
	state_category = large_town
}
