state={
	id=28
	name="STATE_28"
	provinces={
		46 590 653 682 941 1043 1424 1668 1724 1725 1813 1845 1870 2107 2334 2383 2681 2744 3007 3263 3497 3790 3834 4475 4801 5082 5085 5255 5434 5856 6126 6198 6426 6479 6785 7101 7208 7348 7457 8068 8508 9018 9654 9741 9861 10032 10112 10482 10769 10872 11046 11054 11055 11057 11065 11068 11071 11079 11083 11089 11106 11107 11111 11112 11113 11120 11127 11131 11136 11140 11141 11145 11160 11163 11173 11189 11190 11192 11198 11202 11205 11212 11219 11222 11232 11237 11257 11263 11278 11289 11299 11300 11316 11326 11336 11345 11351 11359 11373 11398 
	}
	manpower=0
	buildings_max_level_factor=1.000
	local_supplies=0.0 
	state_category = large_town
}
