state={
	id=29
	name="STATE_29"
	provinces={
		383 583 984 1458 1977 2820 2831 3240 3393 3476 3615 4469 4502 4544 4566 4597 5110 5275 5315 5318 5345 5417 5722 5778 5955 6034 6281 6711 6842 7126 7331 7376 7628 7655 7876 8110 8403 8427 8550 8558 8652 8677 8687 8967 10000 10355 10445 10926 11063 11064 11073 11075 11082 11091 11093 11095 11096 11097 11102 11109 11115 11119 11121 11122 11123 11124 11130 11134 11135 11139 11143 11144 11148 11151 11153 11156 11157 11158 11162 11166 11167 11172 11179 11182 11185 11186 11187 11195 11208 11216 11218 11224 11239 11245 11249 11253 11266 11281 11291 11292 11305 11312 11324 11329 11339 11341 11358 11376 11382 11395 11457 
	}
	manpower=0
	buildings_max_level_factor=1.000
	local_supplies=0.0 
	state_category = large_town
}
