state={
	id=30
	name="STATE_30"
	provinces={
		128 359 412 664 742 1229 1410 1447 1495 1701 2121 2201 2336 2458 3107 3504 3741 3907 4360 4382 4630 4724 4847 5075 5144 5330 5429 5431 5505 5628 5635 5878 5945 6218 6221 6473 6707 6960 7155 7304 7503 7694 7696 7718 8049 8285 8387 8621 8662 8770 8791 8802 9356 9392 9445 9456 9485 9535 9596 9637 9928 10188 10632 10639 10834 11018 11098 11159 11174 11180 11183 11209 11210 11211 11236 11241 11242 11246 11247 11255 11270 11271 11277 11284 11294 11298 11306 11315 11331 11333 11342 11343 11344 11363 11364 11365 11368 11371 11377 11378 11383 11397 11409 11412 11421 11434 11443 11459 11466 11472 11478 11486 11492 11500 11506 11512 11514 11525 11544 11545 11546 11562 11590 11600 11607 
	}
	manpower=0
	buildings_max_level_factor=1.000
	local_supplies=0.0 
	state_category = large_town
}
