state={
	id=31
	name="STATE_31"
	provinces={
		217 556 776 1101 1237 1280 1533 2299 2332 2342 2667 2870 2875 2921 2982 3086 3169 3251 3340 3345 3475 3635 3703 3713 3819 3925 4307 4575 4863 4875 5083 5134 5292 5482 5538 5572 5590 5637 5706 5716 5769 5792 6024 6094 6108 6447 6464 6526 6569 6612 6698 6737 6909 6959 6996 7084 7147 7516 7736 7753 7792 7875 7990 8054 8637 8705 8898 8930 9153 9214 9382 9608 9727 9776 9877 10130 10138 10165 10212 10545 10697 10788 10842 11110 11125 11126 11149 11188 11197 11201 11204 11221 11225 11240 11251 11254 11262 11267 11269 11276 11283 11285 11293 11297 11308 11313 11330 11335 11350 11367 11391 11392 11396 11405 11408 11420 11424 11432 11439 11451 11458 11480 11484 11491 11505 11511 11529 11536 11543 11548 11561 11567 11573 11581 11585 11589 11598 11599 11613 11619 11634 11638 11639 11646 11647 11655 11671 11674 11675 11682 11683 11691 11702 11713 11725 11731 11734 11736 11742 11758 11765 11766 11770 11780 11784 11785 11840 
	}
	manpower=0
	buildings_max_level_factor=1.000
	local_supplies=0.0 
	state_category = large_town
}
