state={
	id=32
	name="STATE_32"
	provinces={
		139 162 173 250 274 331 390 426 484 576 600 633 636 746 946 1000 1113 1380 1391 1456 1527 1594 1672 1693 1767 1887 2098 2129 2384 2518 2539 2625 2627 2632 2740 2826 2905 3032 3048 3066 3248 3417 3481 3482 3617 3709 3846 3890 3957 4169 4352 4456 4612 4644 4793 4821 4831 4844 4937 5018 5036 5105 5143 5158 5220 5347 5655 5746 5760 5802 5845 5894 5899 5928 5984 6008 6060 6064 6318 6339 6484 6522 6655 6676 6857 6870 6995 7171 7258 7268 7361 7413 7419 7546 7853 7926 8007 8008 8130 8392 8432 8464 8514 8587 8603 8657 8860 8875 8935 9129 9220 9231 9573 9657 9675 9695 9732 9736 9785 9786 9828 9977 10057 10132 10195 10231 10468 10469 10686 10763 10830 10887 10891 11152 11168 11169 11184 11191 11199 11207 11215 11217 11220 11229 11230 11235 11243 11248 11252 11256 11259 11260 11268 11273 11287 11288 11302 11303 11304 11309 11310 11311 11318 11322 11325 11327 11328 11338 11348 11352 11355 11356 11361 11362 11375 11385 11388 11400 11401 11402 11403 11406 11427 11429 11435 11436 11437 11438 11441 11446 11449 11456 11461 11463 11464 11467 11468 11475 11476 11487 11488 11495 11497 11498 11501 11523 11527 11531 11533 11554 11557 11565 11566 11576 11577 11592 11596 11603 11604 11606 11623 11633 11643 11644 11654 11659 11668 11686 11689 11694 11695 11696 11703 11707 11708 11710 11711 11728 11730 11740 11741 11747 11768 11769 11774 11783 11787 11802 11803 11804 11814 11829 11838 11843 11855 11875 11881 11907 11921 11923 11942 11953 
	}
	manpower=0
	buildings_max_level_factor=1.000
	local_supplies=0.0 
	state_category = large_town
}
