state={
	id=33
	name="STATE_33"
	provinces={
		37 220 239 281 304 368 448 454 611 622 719 721 752 778 862 912 936 1122 1414 1487 1616 1711 1942 2140 2347 2366 2430 2543 2618 2712 2800 2927 3208 3368 3472 3511 3655 3727 3733 3843 3955 4024 4053 4222 4245 4325 4480 4675 4763 4779 4945 5109 5201 5556 5584 5647 5652 5727 5748 5770 6192 6254 6298 6357 6429 6652 6663 6727 6812 6850 6860 6931 6987 7013 7068 7192 7214 7326 7450 7703 7819 7844 7996 8004 8026 8282 8350 8437 8450 8591 8644 9013 9033 9072 9211 9326 9497 9601 9616 9621 9794 9803 9815 9822 9846 9923 10360 10416 10417 10484 10513 10554 10581 10657 10737 11016 11193 11226 11227 11233 11234 11250 11258 11264 11272 11279 11280 11282 11286 11301 11307 11321 11332 11334 11337 11340 11346 11347 11354 11360 11366 11369 11370 11374 11379 11393 11399 11410 11419 11425 11426 11428 11444 11445 11448 11452 11455 11460 11469 11474 11482 11483 11494 11502 11503 11509 11510 11516 11518 11519 11520 11521 11522 11538 11539 11549 11552 11553 11564 11571 11586 11587 11591 11595 11605 11616 11617 11621 11622 11625 11632 11635 11650 11651 11652 11653 11662 11667 11684 11685 11688 11693 11697 11709 11716 11720 11727 11733 11739 11746 11752 11753 11756 11767 11776 11782 11795 11799 11807 11817 11847 11861 11867 11874 11884 11885 11890 11898 11901 11906 11934 11973 11985 
	}
	manpower=0
	buildings_max_level_factor=1.000
	local_supplies=0.0 
	state_category = large_town
}
