state={
	id=34
	name="STATE_34"
	provinces={
		130 145 157 449 452 513 518 696 709 801 823 1095 1147 1152 1257 1264 1290 1305 1368 1418 1608 1768 1895 2074 2198 2221 2426 2435 2446 2462 2489 2526 2754 2806 2807 2843 2887 2893 2908 2923 2933 3119 3325 3338 3447 3526 3665 3737 3812 3926 3966 4002 4059 4060 4062 4090 4126 4136 4351 4643 4734 4791 5019 5173 5242 5296 5329 5354 5364 5412 5521 5553 5650 5660 5807 5852 5873 6019 6050 6069 6093 6135 6354 6374 6406 6425 6551 6639 6646 6674 6680 6701 6894 6981 7024 7033 7253 7277 7328 7421 7453 7537 7622 7842 7908 7916 8098 8150 8241 8301 8342 8439 8445 8556 8577 8633 8660 8950 9087 9093 9483 9574 9604 9831 9896 9972 9989 10121 10250 10264 10301 10380 10583 10679 10793 10809 10824 10983 11238 11261 11265 11274 11275 11290 11296 11314 11317 11319 11320 11323 11349 11353 11357 11380 11381 11386 11387 11389 11390 11394 11404 11407 11411 11414 11415 11430 11431 11447 11450 11454 11462 11465 11470 11471 11477 11485 11489 11490 11499 11504 11513 11517 11524 11528 11534 11535 11540 11541 11542 11550 11555 11558 11560 11572 11578 11579 11580 11583 11584 11588 11597 11601 11602 11608 11609 11618 11624 11626 11629 11630 11631 11636 11637 11645 11660 11663 11664 11665 11669 11670 11679 11680 11681 11690 11698 11700 11701 11704 11705 11712 11717 11724 11735 11748 11757 11761 11762 11764 11788 11789 11794 11796 11800 11805 11818 11824 11831 11834 11835 11836 11839 11844 11851 11852 11856 11857 11858 11859 11868 11869 11876 11877 11878 11886 11893 11894 11902 11911 11914 11917 11929 11930 11931 11936 11959 12011 12022 12039 12040 12084 12091 
	}
	manpower=0
	buildings_max_level_factor=1.000
	local_supplies=0.0 
	state_category = large_town
}
