state={
	id=35
	name="STATE_35"
	provinces={
		124 192 206 241 381 852 1086 1144 1158 1328 1474 1477 1535 1541 1570 1571 1606 1698 1730 1750 1793 1795 1984 2184 2192 2305 2385 2437 2493 2509 2575 2607 2770 2896 2924 3068 3100 3104 3120 3162 3337 3354 3451 3702 3729 3871 3892 3973 3996 4076 4099 4496 4797 4920 4922 4923 5021 5027 5059 5102 5337 5400 5569 5633 5677 5690 5699 5752 5776 6106 6131 6182 6467 6514 6521 6542 6572 6606 6641 6657 6824 6882 7132 7204 7274 7285 7526 7572 7662 7722 7761 7896 7976 8053 8081 8226 8327 8391 8402 8532 8596 8695 8752 8756 9053 9121 9122 9162 9227 9299 9336 9350 9434 9492 9629 9722 9748 9791 9944 10175 10241 10329 10589 10613 10620 10668 10669 10946 10969 11372 11384 11413 11416 11417 11418 11422 11423 11433 11440 11442 11453 11473 11479 11481 11493 11496 11507 11508 11515 11526 11530 11532 11537 11547 11551 11556 11559 11563 11568 11569 11570 11574 11575 11582 11593 11594 11610 11611 11612 11614 11615 11620 11627 11628 11641 11642 11648 11649 11656 11657 11658 11673 11678 11687 11692 11699 11714 11715 11719 11722 11723 11732 11737 11738 11744 11745 11750 11751 11760 11763 11773 11775 11781 11786 11792 11793 11801 11811 11812 11816 11820 11821 11827 11833 11842 11854 11860 11862 11865 11866 11871 11872 11873 11889 11896 11897 11900 11910 11916 11933 11940 11946 11956 11957 11958 11965 11970 11971 11977 11984 11992 12002 12003 12008 12024 12027 12036 12037 12044 12045 12053 12081 12082 12093 12097 12102 12106 12119 12124 12134 12135 12161 12197 12198 12207 12223 12231 12247 12281 12300 12326 
	}
	manpower=0
	buildings_max_level_factor=1.000
	local_supplies=0.0 
	state_category = large_town
}
