state={
	id=36
	name="STATE_36"
	provinces={
		400 952 1022 1150 1156 1247 1798 1811 2090 2131 2159 2356 2464 2609 2818 3045 3137 3276 3389 3801 3808 3824 3858 3906 4213 4371 4723 4921 5116 5146 5175 5335 5344 5357 5395 5545 5678 5978 6063 6169 6174 6283 6307 6943 6949 7464 7530 7598 7634 7686 8623 8780 8872 9005 9652 9683 10240 10338 10457 10487 10501 10564 11001 11640 11661 11666 11672 11676 11706 11743 11759 11772 11791 11825 11826 11888 11895 11905 11932 11944 11945 11955 11961 11969 11982 11983 12007 12014 12032 12049 12050 12063 12064 12080 12105 12108 12118 12131 12138 12151 12156 12160 12172 12173 12201 12206 12222 12230 12235 12255 12258 12268 12280 12288 12310 12316 12336 12343 12350 12366 12390 12413 12414 12425 12448 12456 12526 
	}
	manpower=0
	buildings_max_level_factor=1.000
	local_supplies=0.0 
	state_category = large_town
}
