state={
	id=37
	name="STATE_37"
	provinces={
		104 171 185 1038 1103 1106 1398 1433 1530 1784 1906 2003 2029 2081 2281 2441 2448 2503 2603 2857 3301 3305 3394 3466 3770 3905 4132 4434 4896 4939 5452 5700 5715 5893 5905 5912 6173 7093 7665 8011 8035 8094 8814 8871 8969 8992 9168 9415 9452 9465 9486 9614 9740 9770 9851 10126 10276 10353 10522 10582 10693 11726 11755 11771 11806 11810 11815 11841 11846 11870 11880 11883 11903 11904 11913 11919 11927 11939 11951 11954 11960 11976 11989 11991 11999 12000 12006 12023 12026 12031 12035 12066 12067 12068 12073 12078 12079 12117 12123 12130 12166 12171 12177 12184 12185 12212 12217 12221 12228 12233 12234 12243 12246 12262 12263 12264 12278 12297 12304 12315 12347 12348 12356 12393 12394 12401 12410 12419 12431 12436 12453 12461 12471 12504 12510 
	}
	manpower=0
	buildings_max_level_factor=1.000
	local_supplies=0.0 
	state_category = large_town
}
