state={
	id=38
	name="STATE_38"
	provinces={
		44 225 275 301 308 453 456 509 532 731 809 843 863 877 908 910 917 1025 1088 1117 1140 1141 1263 1312 1435 1550 1631 1790 1841 1862 1888 1935 2038 2100 2175 2227 2234 2333 2363 2409 2505 2512 2573 2604 2647 2687 2716 2727 2731 2760 2796 2940 2971 3006 3106 3125 3144 3246 3339 3344 3386 3550 3837 3847 3901 3937 3962 3998 4023 4040 4065 4118 4216 4334 4571 4668 4776 4927 4994 5055 5057 5137 5154 5169 5206 5236 5238 5312 5340 5359 5380 5382 5393 5397 5424 5513 5549 5555 5595 5614 5626 5698 5764 5814 5860 5884 5951 5976 6156 6399 6419 6492 6605 6629 6696 6726 6800 6822 6976 7110 7129 7227 7257 7271 7281 7303 7307 7311 7347 7364 7371 7491 7551 7564 7653 7688 7779 7813 7917 8120 8289 8292 8359 8421 8515 8553 8588 8683 8850 8887 9007 9014 9016 9292 9329 9412 9443 9624 9671 9700 9717 9725 9976 10045 10111 10174 10233 10272 10284 10405 10732 10806 10868 10875 11677 11718 11721 11749 11754 11778 11779 11790 11797 11798 11809 11819 11832 11837 11845 11853 11863 11864 11879 11882 11887 11899 11908 11909 11912 11915 11918 11922 11924 11937 11938 11950 11963 11968 11972 11974 11975 11981 11988 11998 12005 12012 12013 12019 12029 12030 12041 12043 12047 12048 12052 12055 12058 12059 12060 12072 12076 12077 12085 12086 12087 12096 12098 12107 12116 12122 12128 12129 12140 12141 12144 12150 12159 12165 12176 12179 12180 12190 12191 12196 12200 12210 12211 12220 12226 12227 12238 12239 12252 12253 12261 12271 12276 12277 12282 12283 12287 12291 12296 12308 12313 12314 12322 12323 12338 12345 12346 12355 12363 12375 12385 12386 12392 12409 12428 12429 12435 12441 12450 12451 12452 12460 12468 12469 12480 12481 12482 12487 12493 12509 12515 12523 12548 12549 12561 12566 12570 12574 12610 12613 12614 12627 12650 12665 12675 12679 12680 12689 12726 12727 12728 12749 12761 12772 12773 12805 12819 12820 12826 12842 12873 12874 12875 12896 12897 12921 12945 12946 12953 12954 12992 13009 13041 13093 13102 13156 13165 13273 13274 13306 
	}
	manpower=0
	buildings_max_level_factor=1.000
	local_supplies=0.0 
	state_category = large_town
}
