state={
	id=39
	name="STATE_39"
	provinces={
		95 113 154 229 573 762 1207 1288 1560 1756 2150 2173 2474 2605 2639 2663 3057 3362 3586 3674 3765 3967 4277 4376 4440 4518 4805 4842 5273 5665 6516 6557 6683 6839 6886 7432 7515 7821 8288 8297 8389 8495 8634 8720 8734 8999 9056 9182 9232 9309 9344 9399 9538 9540 9756 9836 10092 10781 12181 12213 12229 12254 12266 12267 12279 12298 12299 12305 12309 12324 12325 12331 12332 12335 12342 12349 12359 12365 12369 12370 12380 12381 12396 12397 12404 12405 12412 12421 12423 12424 12432 12433 12437 12443 12454 12455 12464 12466 12472 12484 12485 12507 12518 12535 12545 12554 12591 12592 12593 12604 12635 12636 12637 12645 12658 12659 12669 12670 12706 12723 12724 12730 12736 12741 12777 12785 12808 12813 12823 12832 12853 12883 12907 12929 
	}
	manpower=0
	buildings_max_level_factor=1.000
	local_supplies=0.0 
	state_category = large_town
}
