state={
	id=4
	name="STATE_4"
	provinces={
		387 439 604 690 791 839 994 1373 1564 1690 2110 2252 2897 3273 3282 3373 3398 3536 4107 4229 4377 4442 4857 5042 5148 5211 5600 5667 5816 6051 6293 6517 6633 6821 7260 7316 7616 7638 7775 7887 7909 8237 9048 9600 9698 9824 9908 10012 10072 10157 10259 10296 10636 10661 10688 10748 10897 10941 12717 12858 12889 12933 12934 12972 12984 13000 13010 13025 13052 13068 13103 13110 13167 13208 13248 13249 13297 13308 13315 13360 13382 13399 13400 13411 13416 13422 13430 13440 13452 13457 13474 13481 13485 13486 13496 13512 13520 13529 13532 13550 13558 13574 13575 13576 13585 13594 13604 13619 13658 13659 13677 13697 13698 13714 13715 13751 13769 13777 13796 13847 13848 13899 13958 
	}
	manpower=0
	buildings_max_level_factor=1.000
	local_supplies=0.0 
	state_category = large_town
}
