state={
	id=40
	name="STATE_40"
	provinces={
		34 80 296 314 422 837 1325 1388 1406 1674 1694 1709 1759 1933 2016 2154 2195 2224 2276 2318 2337 2401 2494 2501 2572 2624 2640 2704 2717 2746 2865 2985 3053 3067 3070 3076 3112 3219 3327 3328 3333 3503 4009 4052 4072 4093 4150 4215 4326 4335 4406 4438 4798 4902 4907 4915 5067 5439 5475 5490 5565 5654 5730 5744 5956 5993 6097 6101 6109 6196 6204 6220 6390 6393 6441 6452 6574 6724 6781 6890 6933 7094 7233 7288 7391 7424 7556 7817 7978 8039 8191 8299 8380 8381 8422 8489 8509 8547 8555 8598 8627 8645 8767 8948 8961 9035 9074 9083 9219 9251 9322 9387 9612 9971 10076 10184 10213 10282 10524 10544 10606 10675 10681 10716 10733 10767 10854 10925 10958 10978 10987 10989 11729 11777 11808 11813 11822 11823 11828 11830 11848 11849 11850 11891 11892 11920 11925 11928 11941 11947 11948 11949 11952 11962 11966 11967 11979 11980 11986 11987 11993 11995 11996 11997 12001 12004 12009 12010 12016 12017 12021 12025 12028 12033 12034 12038 12042 12046 12057 12061 12062 12075 12083 12089 12090 12094 12095 12100 12110 12111 12120 12125 12126 12132 12133 12137 12147 12148 12152 12153 12163 12167 12168 12174 12178 12187 12188 12193 12199 12204 12208 12218 12232 12236 12256 12259 12274 12284 12285 12294 12302 12303 12312 12318 12321 12333 12353 12360 12361 12372 12383 12416 12422 12426 12473 12474 12486 12508 12520 12521 12529 12530 12560 12564 12569 12573 12598 12599 12612 12621 12622 12625 12639 12695 12703 12731 12755 12780 12803 12884 12893 
	}
	manpower=0
	buildings_max_level_factor=1.000
	local_supplies=0.0 
	state_category = large_town
}
