state={
	id=41
	name="STATE_41"
	provinces={
		566 695 1702 1715 1941 2249 2265 2685 2793 3056 3159 3706 3718 3916 4396 4577 4833 4843 5316 5461 5693 5879 5986 6382 6973 7224 8326 8759 8771 8972 9267 9377 9383 10252 10297 10562 10692 10719 10893 12340 12357 12364 12387 12388 12395 12411 12475 12495 12505 12524 12533 12534 12551 12580 12581 12630 12641 12667 12682 12692 12693 12719 12733 12740 12752 12765 12766 12767 12775 12790 12806 12843 12844 12881 12890 12898 12903 12923 12955 12974 13004 13012 13026 13060 13082 13111 
	}
	manpower=0
	buildings_max_level_factor=1.000
	local_supplies=0.0 
	state_category = large_town
}
