state={
	id=42
	name="STATE_42"
	provinces={
		27 38 207 273 289 292 312 429 455 517 536 579 658 764 769 844 906 927 976 1010 1116 1148 1154 1171 1179 1226 1310 1379 1430 1513 1548 1593 1680 1761 1812 1960 1972 2049 2083 2124 2194 2270 2283 2313 2319 2320 2433 2486 2525 2550 2568 2584 2598 2599 2658 2725 2767 2845 2859 2919 3038 3128 3283 3421 3465 3566 3581 3659 3672 3768 3781 3864 3913 3997 4104 4145 4261 4318 4486 4508 4605 4616 4749 4754 4765 4862 4926 4953 4963 4967 5008 5086 5149 5215 5280 5356 5361 5537 5554 5573 5576 5594 5606 5707 5714 5897 5994 6043 6100 6103 6157 6242 6276 6353 6438 6498 6508 6589 6623 6647 6670 6715 6725 6819 6844 6940 6985 7028 7399 7599 7613 7635 7646 7732 7746 7757 7780 7907 7974 8045 8088 8161 8182 8219 8253 8258 8260 8302 8335 8364 8474 8490 8507 8564 8617 8620 8689 8775 8856 8904 8982 9050 9245 9324 9338 9427 9436 9487 9512 9673 9713 9738 9802 9848 9956 9961 9987 9995 10146 10162 10168 10229 10238 10242 10249 10287 10364 10460 10588 10787 10829 10851 10931 10974 11025 11926 11935 11943 11964 11990 11994 12015 12018 12051 12054 12065 12070 12071 12092 12101 12104 12112 12113 12114 12115 12121 12127 12139 12143 12149 12154 12155 12157 12158 12164 12169 12170 12175 12183 12189 12194 12195 12205 12209 12216 12219 12237 12249 12250 12251 12257 12260 12270 12275 12286 12290 12295 12307 12319 12328 12329 12337 12354 12362 12373 12374 12384 12399 12408 12418 12427 12434 12440 12446 12449 12478 12479 12490 12491 12492 12499 12502 12513 12514 12522 12540 12541 12542 12565 12579 12585 12586 12600 12602 12605 12609 12623 12624 12626 12633 12640 12655 12656 12657 12674 12678 12687 12688 12696 12697 12698 12713 12714 12715 12732 12746 12747 12748 12756 12771 12796 12797 12804 12817 12818 12835 12840 12841 12850 12856 12871 12872 12880 12886 12894 12895 12910 12918 12919 12920 12932 12943 12944 12968 12969 12970 12999 13008 13017 13018 13033 13049 13050 13066 13073 13092 13101 13126 13135 13136 13144 13153 13154 13155 13172 13182 13189 13206 13213 13215 13229 13230 13240 13241 13247 13254 13267 13268 13284 13285 13304 13305 13320 13326 13327 13337 13366 13367 13368 13373 13389 13428 13429 13437 13446 13450 13451 13473 13484 13493 13494 13540 13555 13583 13627 13643 13647 13676 13696 13704 13720 13742 13773 13786 13819 13855 
	}
	manpower=0
	buildings_max_level_factor=1.000
	local_supplies=0.0 
	state_category = large_town
}
