state={
	id=43
	name="STATE_43"
	provinces={
		117 158 447 584 711 1289 1387 1722 1738 1874 1943 2405 2853 3043 3311 3598 3656 3658 4078 4094 4153 4160 4932 5028 5034 5181 5185 5351 5477 5742 6114 6459 6525 6638 6881 7748 8206 8426 8735 8825 8932 9274 9952 10030 10152 10368 10449 10673 12186 12192 12242 12265 12368 12463 12517 12538 12547 12563 12568 12578 12618 12619 12631 12644 12652 12683 12684 12685 12686 12694 12701 12721 12722 12760 12768 12784 12793 12798 12822 12837 12852 12861 12862 12863 12869 12882 12926 12927 12928 12940 12996 13013 13014 13020 13047 13097 13141 
	}
	manpower=0
	buildings_max_level_factor=1.000
	local_supplies=0.0 
	state_category = large_town
}
