state={
	id=44
	name="STATE_44"
	provinces={
		19 45 47 62 106 307 329 344 688 796 887 1270 1408 1441 1519 1546 1559 1605 1821 1840 1900 1938 1951 2055 2134 2190 2323 2328 2368 2378 2498 2645 2862 2938 2969 3010 3024 3036 3073 3149 3150 3223 3227 3233 3235 3254 3352 3375 3505 3546 3571 3642 3815 3910 3927 3991 4110 4121 4199 4252 4256 4327 4428 4477 4611 4965 4987 5087 5103 5221 5225 5299 5408 5415 5501 5539 5811 5937 6000 6004 6055 6130 6161 6194 6216 6219 6232 6278 6347 6634 6681 6799 6865 6969 6975 7060 7099 7190 7217 7436 7511 7800 7946 8052 8105 8274 8276 8371 8372 8454 8624 8672 8765 8776 8845 8862 8917 8974 9163 9171 9196 9212 9229 9249 9293 9357 9388 9469 9576 9656 9779 9933 10008 10023 10027 10170 10200 10239 10254 10628 10746 10775 10807 10869 11978 12020 12056 12069 12074 12088 12099 12103 12109 12136 12142 12145 12146 12162 12182 12202 12203 12214 12215 12224 12225 12244 12245 12248 12269 12273 12289 12301 12306 12311 12317 12327 12351 12352 12371 12379 12382 12391 12398 12406 12407 12439 12444 12445 12458 12459 12467 12497 12498 12501 12511 12512 12527 12528 12536 12539 12556 12557 12558 12559 12583 12584 12595 12596 12597 12608 12617 12632 12638 12648 12649 12653 12654 12662 12663 12664 12672 12702 12709 12710 12711 12738 12745 12778 12779 12786 12801 12802 12810 12825 12833 12834 12839 12848 12854 12866 12878 12879 12892 12909 12915 12916 12937 12950 12951 12959 12966 12978 12979 12990 13016 13048 13055 13056 13062 13063 13072 13077 13078 13088 13089 13100 13113 13124 13132 13133 13163 13164 13185 13196 13211 13218 13226 13239 13252 13259 13271 13278 13303 13324 13325 13345 13357 13358 13415 13467 
	}
	manpower=0
	buildings_max_level_factor=1.000
	local_supplies=0.0 
	state_category = large_town
}
