state={
	id=45
	name="STATE_45"
	provinces={
		2 534 629 820 944 961 1030 1655 1708 1884 1916 2043 2395 2477 2751 3004 3229 3747 3883 5010 6067 6087 6184 6188 6203 6230 6295 6334 6432 6588 6694 7121 7239 7386 7533 7690 7707 7726 8051 8119 9187 9294 9385 9767 9935 10021 10059 10333 10362 10569 10784 12483 12489 12532 12543 12589 12606 12629 12634 12718 12739 12751 12789 12812 12962 12963 12973 12994 13001 13002 13003 13011 13043 13044 13069 13070 13081 13104 13121 13122 13128 13139 13168 13174 13198 13222 13244 13260 13316 13329 13355 13370 13376 13392 13407 13423 13471 13513 13514 13535 13542 13551 13596 13597 13620 13630 13669 13729 13797 
	}
	manpower=0
	buildings_max_level_factor=1.000
	local_supplies=0.0 
	state_category = large_town
}
