state={
	id=46
	name="STATE_46"
	provinces={
		41 136 156 650 668 702 739 772 874 924 947 959 1077 1193 1204 1230 1241 1260 1314 1330 1361 1399 1563 1591 1691 1717 1766 1898 1903 2170 2225 2240 2510 2671 2674 2677 2702 2776 2792 2906 2946 2967 3040 3093 3226 3324 3412 3559 3626 3637 3776 3990 4016 4022 4234 4340 4368 4402 4519 4556 4557 4578 4655 4691 4704 4726 4758 4860 4960 4988 5451 5703 5711 5789 5885 5938 5944 5995 5996 6037 6210 6280 6302 6413 6449 6477 6659 6783 6788 6978 7006 7014 7035 7107 7140 7141 7151 7187 7297 7336 7454 7519 7591 7714 7856 7975 8014 8044 8058 8286 8357 8518 8522 8534 8592 8676 8729 8822 9059 9105 9195 9271 9447 9519 9571 9579 9640 10056 10097 10108 10193 10203 10280 10299 10391 10401 10567 10592 10651 10708 10741 10817 10985 11020 12344 12378 12415 12417 12438 12457 12465 12500 12519 12555 12572 12582 12594 12601 12620 12661 12671 12707 12708 12737 12743 12744 12769 12794 12795 12800 12809 12815 12838 12865 12876 12877 12908 12949 12958 12989 13007 13030 13036 13037 13071 13087 13099 13107 13120 13142 13170 13171 13179 13180 13184 13209 13210 13238 13245 13246 13265 13266 13277 13302 13311 13333 13334 13344 13349 13371 13395 13396 13397 13419 13427 13449 13460 13477 13500 13501 13517 13554 13559 13571 13600 13616 13635 13636 13645 13646 13656 13685 13686 13724 13725 13739 13760 13761 13801 13811 13876 13883 13895 13975 
	}
	manpower=0
	buildings_max_level_factor=1.000
	local_supplies=0.0 
	state_category = large_town
}
