state={
	id=47
	name="STATE_47"
	provinces={
		123 161 182 226 233 366 395 522 541 639 660 703 708 741 811 881 938 951 957 983 1026 1090 1234 1282 1382 1431 1452 1653 1727 1729 1753 1777 1889 1926 1929 1949 2054 2145 2156 2177 2271 2289 2325 2339 2455 2535 2567 2581 2593 2698 2991 3065 3262 3326 3370 3431 3548 3563 3605 3671 3707 3721 3777 3778 3898 3936 3940 4080 4108 4201 4214 4244 4287 4313 4316 4448 4552 4603 4679 4819 4870 4976 5125 5183 5276 5366 5536 5588 5696 5743 5806 5987 6065 6175 6217 6224 6331 6442 6746 6748 6756 6817 6851 6962 7002 7025 7131 7164 7320 7372 7430 7444 7488 7514 7689 7770 7815 7884 7905 7968 8003 8064 8076 8096 8126 8329 8405 8447 8470 8869 8963 9130 9136 9155 9160 9173 9197 9216 9327 9393 9462 9543 9568 9663 9682 9737 9809 9872 9940 10100 10486 10492 10531 10594 10595 10633 10653 10656 10761 10961 12339 12376 12400 12430 12442 12447 12470 12488 12494 12503 12531 12546 12550 12571 12587 12588 12603 12628 12666 12676 12681 12690 12691 12716 12750 12757 12762 12763 12764 12774 12787 12788 12827 12828 12851 12857 12868 12887 12888 12902 12911 12922 12939 12971 12982 12983 12993 13019 13024 13034 13042 13051 13058 13059 13067 13074 13080 13094 13108 13109 13127 13137 13138 13145 13146 13157 13166 13173 13190 13191 13207 13216 13221 13242 13243 13255 13275 13293 13294 13295 13296 13307 13312 13313 13314 13328 13354 13369 13374 13375 13390 13391 13398 13406 13438 13439 13447 13456 13461 13479 13480 13495 13504 13505 13519 13528 13563 13564 13584 13602 13603 13628 13648 13649 13667 13721 13732 13743 13749 13756 13774 13775 13787 13795 13803 13804 13813 13820 13845 13846 13856 13857 13858 13863 13864 13905 13918 13919 13933 13934 13935 13942 13948 13963 13970 13976 13984 13986 13987 13999 14006 14019 14069 14070 14071 14081 14118 14119 14122 14132 14137 14175 14183 14191 14210 14231 14242 
	}
	manpower=0
	buildings_max_level_factor=1.000
	local_supplies=0.0 
	state_category = large_town
}
