state={
	id=48
	name="STATE_48"
	provinces={
		29 417 473 508 805 891 1011 1062 1096 1133 1248 1360 1505 1917 2001 2117 2157 2162 2449 2466 2551 2679 2780 2825 2877 3319 3399 3648 3865 4050 4115 4230 4302 4834 4930 5000 5062 5464 5481 5492 5564 5719 5794 6343 6396 6520 6840 7096 7200 7366 7837 7848 7949 8318 8323 8618 8625 8830 9097 9361 9364 9592 9812 9860 10054 10148 10196 10288 10667 10683 10768 10789 10953 11012 12646 12647 12725 12742 12799 12814 12824 12870 12891 12901 12930 12931 12936 12948 12977 12997 13006 13022 13086 13098 13119 13131 13150 13162 13183 13195 13237 13251 13258 13283 13317 13323 13332 13343 13386 13394 13408 13426 13444 13454 13459 13465 13466 13516 13538 13546 13553 13579 13591 13599 13622 13655 13662 13663 13675 13691 13738 13747 13861 13874 13881 13924 13966 13973 13978 14030 14075 14105 
	}
	manpower=0
	buildings_max_level_factor=1.000
	local_supplies=0.0 
	state_category = large_town
}
