state={
	id=49
	name="STATE_49"
	provinces={
		79 184 228 235 244 255 272 290 423 430 500 549 574 687 788 886 969 1035 1075 1099 1195 1403 1413 1500 1532 1647 1757 1765 1859 1861 1890 1915 1967 1999 2042 2139 2142 2172 2208 2260 2479 2484 2559 2590 2654 2708 2769 2772 2837 2869 2983 2998 3035 3136 3241 3284 3320 3629 3662 3826 3893 3979 4152 4435 4446 4555 4595 4637 4641 4646 4649 4651 4676 4775 4869 4884 4893 4916 4936 4944 4955 5046 5141 5269 5284 5336 5379 5381 5406 5419 5713 5750 5821 5933 5971 5975 6054 6128 6309 6312 6320 6402 6468 6555 6625 6759 6780 6934 6942 6950 6982 7254 7300 7330 7354 7408 7484 7568 7580 7656 7675 7693 7698 7869 8041 8097 8116 8200 8287 8793 8800 8865 8866 8870 8922 8933 9049 9116 9262 9268 9296 9440 9496 9551 9590 9685 9942 9975 10079 10311 10317 10359 10394 10412 10430 10450 10537 12506 12525 12567 12575 12611 12615 12616 12668 12699 12729 12734 12753 12758 12791 12792 12807 12821 12829 12845 12846 12859 12860 12899 12904 12905 12912 12924 12925 12935 12947 12964 12965 12985 12986 12987 12988 13027 13028 13029 13045 13046 13061 13075 13083 13095 13096 13105 13106 13112 13117 13118 13123 13129 13147 13148 13159 13160 13169 13176 13200 13201 13202 13203 13204 13224 13232 13233 13234 13262 13263 13269 13276 13281 13286 13310 13321 13322 13330 13340 13348 13356 13378 13379 13384 13385 13393 13403 13404 13414 13417 13418 13432 13433 13442 13443 13448 13453 13458 13472 13475 13476 13482 13487 13488 13497 13498 13499 13506 13507 13515 13521 13531 13537 13543 13544 13566 13567 13568 13578 13587 13588 13589 13590 13607 13614 13615 13621 13632 13644 13653 13654 13671 13672 13682 13690 13717 13722 13723 13731 13746 13765 13771 13790 13791 13808 13809 13814 13815 13851 13865 13866 13872 13906 13922 13930 13964 13965 13990 14003 14008 14009 14021 14022 14033 14043 14048 14050 14062 14063 14064 
	}
	manpower=0
	buildings_max_level_factor=1.000
	local_supplies=0.0 
	state_category = large_town
}
