state={
	id=50
	name="STATE_50"
	provinces={
		13 59 72 197 246 256 262 363 380 403 681 716 730 830 1109 1130 1175 1259 1293 1366 1466 1479 1504 1580 1632 1732 1804 1963 2152 2372 2523 2563 2579 2608 2737 2768 2827 2915 3077 3133 3182 3190 3225 3239 3260 3274 3287 3512 3625 3630 3675 3860 3869 3950 3959 4098 4113 4193 4484 4549 4568 4671 4710 4887 4890 4958 4995 5035 5128 5130 5161 5367 5402 5403 5405 5425 5532 5540 5593 5613 5819 5827 5840 5843 5927 5943 6159 6171 6172 6187 6245 6248 6264 6317 6341 6360 6379 6392 6483 6528 6592 6744 6768 6810 6811 7010 7038 7231 7244 7275 7462 7700 7702 7749 7836 7849 7988 8086 8148 8173 8278 8337 8398 8497 8579 8604 8654 8804 8888 9046 9090 9145 9205 9258 9275 9303 9500 9523 9534 9587 9638 9674 9750 9839 9850 9915 9950 10011 10098 10325 10389 10476 10634 10637 10707 10756 10773 10796 10912 10923 12673 12712 12770 12781 12811 12816 12849 12855 12867 12885 12917 12938 12942 12952 12960 12961 12967 12980 12981 12991 12998 13023 13031 13032 13038 13039 13040 13057 13064 13065 13079 13090 13091 13114 13115 13116 13125 13134 13143 13151 13152 13181 13186 13187 13188 13197 13212 13214 13219 13220 13228 13253 13272 13280 13290 13291 13292 13319 13335 13336 13347 13350 13351 13352 13353 13359 13364 13365 13372 13381 13388 13405 13410 13420 13421 13435 13436 13455 13469 13478 13491 13492 13503 13511 13518 13526 13527 13548 13561 13562 13572 13582 13592 13624 13625 13626 13638 13639 13642 13666 13678 13679 13687 13688 13694 13695 13712 13719 13726 13740 13741 13748 13754 13755 13763 13782 13783 13784 13785 13794 13802 13812 13829 13830 13836 13862 13869 13877 13904 13911 13917 13928 13941 13944 13956 13962 13968 13969 13983 13998 14005 14013 14026 14038 14049 14056 14057 14089 14095 14117 14142 14143 14144 14151 14159 14169 14174 14182 14190 14196 14215 14230 14235 14236 14257 14258 14267 14278 14319 14384 14442 14450 14464 14513 14575 14607 14662 
	}
	manpower=0
	buildings_max_level_factor=1.000
	local_supplies=0.0 
	state_category = large_town
}
