state={
	id=53
	name="STATE_53"
	provinces={
		35 84 214 421 520 613 615 641 661 740 807 1040 1127 1423 1425 1626 1652 1737 1852 1905 2013 2050 2057 2099 2109 2209 2421 2665 2678 3063 3158 3353 3357 3424 3570 3764 3929 4207 4253 4425 4506 4609 4838 4947 4969 5073 5095 5122 5355 5454 6469 6912 7125 7149 7360 7433 7521 7687 7755 7795 7833 8042 8218 8331 8351 8615 8640 8843 9063 9137 9577 9643 9777 9858 9937 10248 10312 10494 10535 10578 10591 10646 10680 12864 12941 12957 12976 13005 13015 13021 13035 13053 13054 13085 13130 13177 13178 13193 13194 13205 13235 13236 13264 13270 13282 13300 13301 13341 13342 13425 13464 13490 13570 13598 13608 13634 13674 13683 13684 13701 13708 13709 13759 13792 13799 13800 13837 13838 13843 13860 13873 13892 13893 13908 13909 13910 13951 13991 14016 14027 14029 14036 14044 14074 14085 14087 14103 14124 14148 14179 14180 14194 14213 14214 14243 14253 14261 14262 14263 14264 14314 14315 14324 14332 14346 14364 14374 14375 14387 14417 14424 14433 14454 14455 14461 14483 14488 14489 14518 14564 
	}
	manpower=0
	buildings_max_level_factor=1.000
	local_supplies=0.0 
}
