state={
	id=55
	name="STATE_55"
	provinces={
		17 40 57 70 264 316 336 394 539 550 698 704 743 909 973 992 995 1015 1060 1187 1239 1258 1274 1284 1348 1470 1476 1483 1491 1554 1567 1615 1771 1800 1803 1827 1883 2141 2153 2223 2303 2314 2396 2471 2481 2500 2741 2758 2848 3000 3039 3127 3147 3435 3622 3657 3719 3730 3866 3909 3971 3972 4058 4100 4135 4364 4447 4528 4626 4742 4824 4971 5147 5278 5301 5313 5368 5460 5510 5518 5686 5728 5753 5762 5832 5902 5973 6134 6327 6615 6750 6786 6988 7011 7088 7113 7139 7237 7291 7378 7440 7567 7627 7657 7729 7803 7845 7903 7955 8012 8036 8092 8247 8358 8374 8527 8607 8656 8692 8706 8782 8786 8788 8973 9144 9189 9201 9298 9394 9419 9421 9490 9556 9764 9805 9883 9919 9974 10044 10103 10166 10208 10245 10261 10521 10687 10698 10711 10770 10878 13227 13279 13288 13289 13318 13346 13363 13380 13387 13409 13445 13468 13483 13502 13509 13510 13523 13524 13525 13547 13560 13580 13581 13601 13609 13610 13611 13617 13618 13623 13637 13657 13664 13665 13692 13693 13703 13711 13718 13762 13767 13772 13780 13781 13793 13816 13817 13818 13828 13839 13853 13854 13868 13884 13885 13896 13902 13903 13916 13926 13927 13931 13943 13954 13955 13961 13967 13981 13982 13985 14004 14025 14037 14045 14067 14077 14078 14094 14109 14110 14116 14127 14130 14131 14136 14145 14158 14166 14168 14172 14173 14181 14188 14189 14220 14221 14228 14229 14241 14247 14266 14277 14285 14295 14300 14305 14318 14327 14333 14343 14349 14359 14367 14373 14378 14383 14394 14407 14413 14427 14428 14441 14457 14458 14491 14498 14521 14522 14536 14550 14569 14583 14584 14591 14598 14605 14606 14618 14619 14643 14648 14649 14654 14661 14683 
	}
	manpower=0
	buildings_max_level_factor=1.000
	local_supplies=0.0 
}
