state={
	id=56
	name="STATE_56"
	provinces={
		1 111 213 415 506 544 645 735 748 777 958 1021 1072 1167 1173 1286 1628 1706 1863 2052 2059 2113 2123 2171 2193 2298 2445 2456 2465 2537 2548 2561 2692 2738 2787 2854 2886 2907 2954 2974 3097 3124 3269 3270 3347 3498 3712 3715 4079 4125 4131 4204 4226 4254 4271 4276 4290 4412 4551 4744 4747 4788 4815 4868 5048 5071 5081 5270 5310 5373 5449 5455 5506 5529 5579 5848 5967 5974 6025 6048 6152 6252 6321 6367 6531 6568 6731 6873 7202 7280 7380 7447 7575 7576 7652 7769 7773 7794 7798 7911 7947 8177 8271 8279 8493 8712 8809 8854 8945 8976 8990 9025 9086 9238 9430 9628 9687 9690 9720 9761 9869 9996 10037 10051 10073 10101 10113 10131 10153 10169 10214 10235 10289 10496 10519 10655 10702 10804 10850 10863 10952 13158 13175 13199 13223 13231 13250 13261 13298 13309 13339 13361 13377 13401 13402 13413 13441 13462 13463 13530 13536 13552 13577 13586 13606 13612 13613 13631 13651 13652 13661 13670 13681 13689 13716 13730 13735 13736 13757 13778 13779 13789 13798 13806 13807 13824 13832 13841 13850 13870 13871 13879 13889 13890 13929 13937 13938 13945 13960 13977 13989 13993 13994 13995 14007 14015 14032 14040 14041 14042 14047 14059 14060 14061 14086 14090 14098 14099 14114 14138 14139 14147 14154 14162 14176 14184 14192 14199 14200 14204 14216 14222 14223 14233 14249 14250 14270 14271 14272 14280 14281 14290 14296 14306 14321 14322 14330 14338 14368 14369 14385 14390 14391 14395 14402 14415 14445 14452 14460 14476 14501 14502 14509 14528 14540 14561 14577 14622 14638 14644 14657 14672 14708 14722 14742 
	}
	manpower=0
	buildings_max_level_factor=1.000
	local_supplies=0.0 
}
