state={
	id=57
	name="STATE_57"
	provinces={
		39 48 170 177 295 337 900 933 1277 1300 1350 1412 1524 1814 2046 2119 2144 2310 2392 2432 2480 2629 2662 2664 2750 2766 2943 3052 3064 3102 3178 3201 3377 3683 3710 3739 3760 3791 3911 4032 4044 4178 4181 4310 4350 4600 4618 4780 4867 5104 5138 5251 5718 5755 5895 6081 6089 6142 6145 6534 6772 6847 7296 7389 7397 7590 7740 7804 7812 7822 7846 7858 7883 8018 8135 8175 8255 8291 8487 8789 8881 8960 9149 9247 9288 9697 9735 9856 9865 9997 10067 10199 10237 10308 10313 10320 10386 10504 10611 10665 10717 10727 13338 13383 13412 13431 13470 13533 13534 13541 13595 13605 13660 13668 13680 13699 13728 13733 13734 13770 13788 13805 13840 13849 13878 13888 13921 13959 13971 14001 14002 14020 14039 14058 14080 14082 14097 14111 14112 14113 14123 14133 14146 14152 14153 14160 14161 14167 14197 14198 14211 14212 14232 14248 14259 14268 14269 14279 14286 14289 14301 14320 14329 14350 14355 14356 14380 14401 14414 14429 14444 14469 14475 14487 14514 14523 14539 14553 14560 14572 14576 14586 14592 14601 14608 14621 14629 14630 14664 14670 14685 14694 14700 14715 14721 14728 14735 14748 14755 14761 14769 14786 14790 14791 14795 14819 14832 14848 14854 14863 14868 14874 14891 14892 14893 14910 14918 14924 14932 14933 14938 14959 14965 14966 14979 14992 15009 15017 15026 15032 15068 15087 15100 15141 15142 15143 15189 15206 15217 
	}
	manpower=0
	buildings_max_level_factor=1.000
	local_supplies=0.0 
}
