state={
	id=58
	name="STATE_58"
	provinces={
		25 92 94 315 450 614 685 982 991 1023 1123 1170 1497 1752 1944 1950 2034 2146 2148 2242 2492 2649 2690 2696 2711 2753 2775 2814 2855 3114 3117 3151 3249 3463 3553 3601 3604 3669 3750 3754 3767 3888 3977 3986 4025 4082 4134 4137 4142 4143 4147 4158 4171 4507 4659 4682 4728 4739 4823 5013 5126 5168 5226 5267 5342 5444 5546 5820 5990 6029 6272 6338 6474 6538 6776 6906 6994 7095 7548 7602 7624 7752 7771 7789 7835 8341 8442 8444 8535 8668 8751 8813 8894 9041 9088 9234 9367 9441 9563 9887 9927 10007 10025 10039 10135 10247 10298 10573 10691 10720 10896 13539 13702 13710 13752 13753 13826 13827 13844 13875 13882 13894 13914 13915 13925 13940 13946 13952 13974 13979 13980 13997 14017 14018 14023 14028 14051 14052 14053 14054 14076 14093 14100 14106 14107 14125 14126 14135 14141 14149 14164 14165 14171 14187 14195 14208 14225 14226 14254 14255 14256 14265 14275 14282 14298 14310 14311 14317 14335 14341 14347 14354 14372 14388 14397 14398 14410 14425 14426 14449 14456 14462 14463 14468 14474 14480 14484 14512 14519 14527 14545 14557 14565 14566 14567 14596 14597 14611 14612 14632 14645 14652 14653 14659 14703 14704 14716 14717 14718 14724 14731 14737 14771 14772 14780 14781 14788 14789 14814 14834 14841 14845 14871 14889 14935 14956 
	}
	manpower=0
	buildings_max_level_factor=1.000
	local_supplies=0.0 
}
