state={
	id=59
	name="STATE_59"
	provinces={
		89 204 249 419 689 722 1078 1115 1198 1340 1566 1663 1833 2251 2669 2748 2986 3215 3358 3365 3534 3639 3691 3868 3870 4297 4764 4774 5311 5663 5968 6359 6462 6617 6837 6947 6974 7029 7145 7261 7480 8682 8851 8878 8897 9019 10035 10503 10631 10729 10825 14073 14102 14155 14178 14207 14239 14240 14274 14293 14297 14304 14309 14334 14363 14371 14392 14423 14438 14446 14447 14471 14478 14479 14503 14510 14517 14525 14526 14531 14542 14543 14544 14562 14563 14573 14579 14580 14588 14594 14624 14625 14631 14639 14658 14667 14674 14698 14702 14749 14763 14764 14797 14830 14831 14849 14877 14934 15005 
	}
	manpower=0
	buildings_max_level_factor=1.000
	local_supplies=0.0 
}
