state={
	id=60
	name="STATE_60"
	provinces={
		245 323 373 376 397 427 489 563 637 779 920 1009 1297 1395 1443 1450 1520 1603 1633 1641 1785 1809 2102 2261 2273 2329 2346 2532 2666 2720 2839 2840 2849 2947 3222 3302 3432 3513 3575 3638 3857 3881 3933 4249 4255 4538 4582 4628 4689 4743 4745 4781 4850 4938 5064 5106 5131 5135 5151 5165 5182 5327 5469 5523 5570 5601 5833 5859 5979 6140 6454 6502 6662 7144 7161 7340 7495 7699 7701 7719 7720 7741 7881 7914 8000 8047 8091 8107 8379 8390 8453 8510 8511 8536 8568 8610 8612 8635 8686 8810 8849 8937 9077 9131 9134 9202 9502 9582 9762 9840 9870 9962 10104 10202 10290 10300 10331 10341 10427 10440 10452 10465 10534 10745 10755 10827 10895 13901 13947 13953 14012 14024 14055 14066 14108 14115 14150 14156 14157 14203 14209 14219 14227 14245 14246 14276 14283 14284 14294 14299 14312 14325 14326 14336 14342 14348 14357 14358 14365 14366 14377 14389 14393 14399 14400 14406 14411 14412 14418 14419 14434 14485 14486 14495 14496 14497 14520 14533 14534 14535 14546 14547 14548 14549 14558 14568 14574 14582 14590 14613 14617 14627 14633 14642 14646 14647 14660 14676 14689 14690 14711 14712 14713 14719 14745 14751 14760 14765 14782 14783 14808 14809 14815 14816 14835 14842 14846 14851 14858 14872 14879 14880 14895 14904 14913 14914 14920 14930 14947 14970 14971 14983 14997 14998 15046 15051 15061 15069 15085 15093 15107 15108 15122 15136 15148 15177 15211 15258 15285 15315 15345 15368 15408 15431 15484 15485 15526 15560 15581 15587 15608 
	}
	manpower=0
	buildings_max_level_factor=1.000
	local_supplies=0.0 
}
