state={
	id=61
	name="STATE_61"
	provinces={
		293 399 476 521 728 949 1052 1482 1703 1720 2425 2475 2638 2774 3015 3177 3253 3766 3773 3848 3855 4405 4472 4520 4635 5265 5512 5525 6084 6189 6238 6584 6593 6762 7351 7841 8209 8277 8309 8338 9103 9352 10064 10765 10899 10982 14663 14706 14734 14754 14768 14775 14818 14827 14839 14853 14862 14883 14899 14908 14916 14923 14952 14953 15015 15031 15065 15066 15067 15078 15079 15124 15139 15140 15152 15158 15170 15186 15200 15201 15215 15216 15261 15298 15299 15300 15359 15374 15375 15436 15461 15468 15469 15501 15508 15547 15611 
	}
	manpower=0
	buildings_max_level_factor=1.000
	local_supplies=0.0 
}
