state={
	id=62
	name="STATE_62"
	provinces={
		73 110 193 286 288 299 561 654 759 787 803 1068 1093 1338 1384 1444 1529 1595 1740 1815 1817 2120 2155 2165 2343 2637 2684 2784 2876 2955 2989 2993 3154 3292 3677 3684 3693 3725 3882 3935 4046 4087 4227 4278 4383 4445 4634 4652 4709 4912 4924 4993 5037 5101 5174 5589 5724 5756 5785 5970 5998 6143 6205 6328 6376 6491 6582 6653 7080 7104 7332 7350 7357 7442 7677 7890 7973 8048 8193 8222 8254 8293 8408 8561 8991 9068 9111 9210 9260 9572 9874 9881 10278 10512 10601 10695 10725 10757 10918 11007 14083 14084 14101 14120 14121 14134 14140 14163 14170 14177 14185 14193 14201 14205 14206 14217 14224 14234 14237 14238 14251 14252 14260 14273 14291 14292 14302 14307 14308 14323 14331 14339 14344 14351 14352 14353 14361 14370 14381 14386 14396 14403 14409 14416 14431 14432 14453 14466 14467 14470 14477 14481 14482 14494 14515 14516 14529 14530 14541 14554 14555 14578 14587 14602 14603 14616 14623 14650 14666 14673 14709 14723 14736 14743 14778 14806 14811 14820 14829 14844 14855 14870 14876 14887 14911 14925 14926 14939 14943 14944 14994 15003 15004 15010 15011 15021 15022 15034 15035 15057 15072 15073 15082 15128 15145 15154 15192 15270 15415 
	}
	manpower=0
	buildings_max_level_factor=1.000
	local_supplies=0.0 
}
