state={
	id=63
	name="STATE_63"
	provinces={
		144 167 191 457 571 680 1014 1024 1053 1186 1333 1390 1498 1590 1747 1823 1892 2070 2212 2452 2483 2531 2545 2686 2999 3033 3296 3450 3462 3494 3646 3849 4101 4149 4198 4294 4401 4474 4553 4583 4619 4738 4746 4802 4982 5260 5341 5349 5369 5448 5488 5503 5517 5629 5926 6080 6765 6820 6843 6869 6914 6972 7070 7089 7228 7312 7558 8027 8034 8100 8128 8368 8473 8501 8659 8837 8944 8977 9089 9408 9474 9504 9567 9668 9704 9833 9857 9903 9951 10042 10346 10560 10771 10910 14088 14104 14218 14244 14287 14288 14316 14340 14376 14404 14405 14439 14440 14448 14472 14473 14490 14504 14511 14532 14537 14538 14556 14581 14589 14595 14604 14610 14626 14640 14641 14651 14675 14681 14687 14688 14699 14710 14744 14750 14757 14758 14759 14779 14792 14798 14812 14813 14821 14822 14833 14850 14856 14857 14888 14902 14927 14945 14946 14954 14955 14969 14976 15006 15012 15023 15037 15038 15050 15059 15075 15083 15088 15092 15104 15113 15120 15121 15130 15135 15175 15184 15185 15194 15195 15202 15239 15255 15272 15283 15284 15312 15333 15353 15354 15355 15378 15407 15448 15458 15474 15489 15496 15538 15552 15569 15586 15597 15772 
	}
	manpower=0
	buildings_max_level_factor=1.000
	local_supplies=0.0 
}
