state={
	id=64
	name="STATE_64"
	provinces={
		82 616 673 834 980 1064 1073 1100 2286 2345 2376 2488 2799 2838 2911 2941 3454 3689 3794 3897 4026 4439 4542 4761 4816 5023 5362 5377 5648 5710 5922 6211 6391 6501 6505 6509 6773 6955 6977 7232 7400 7711 7739 7866 7960 8067 8154 8208 8404 8484 8664 8986 9037 9192 9328 9880 10305 10328 10575 10647 10758 10828 10995 14727 14776 14794 14810 14884 14909 14917 14942 14978 14986 15008 15016 15044 15056 15080 15099 15111 15118 15187 15188 15224 15235 15236 15244 15262 15263 15281 15301 15318 15319 15320 15328 15343 15365 15405 15413 15414 15422 15423 15437 15453 15462 15483 15493 15494 15502 15503 15509 15510 15511 15535 15612 15634 15658 15659 15668 15669 15683 15719 15720 15740 15741 15780 15819 15820 15843 15851 15857 15900 15901 15910 15924 15934 15945 15973 16114 16124 16159 16215 16253 16339 
	}
	manpower=0
	buildings_max_level_factor=1.000
	local_supplies=0.0 
}
