state={
	id=65
	name="STATE_65"
	provinces={
		3 42 58 63 87 188 360 406 433 445 575 647 674 755 846 880 882 987 1012 1114 1125 1166 1365 1370 1371 1539 1558 1619 1649 1673 1741 1965 2035 2036 2312 2413 2428 2450 2472 2495 2922 2953 2960 3166 3298 3436 3459 3484 3614 3690 3820 3825 3844 3946 4086 4159 4197 4282 4291 4305 4535 4536 4587 4594 4683 4731 4792 4809 4871 4935 5047 5100 5156 5177 5247 5447 5673 5704 5803 6076 6165 6225 6233 6394 6437 6506 6649 6760 6791 6872 6908 6956 7015 7036 7136 7301 7405 7448 7494 7614 7650 7676 7682 7765 7809 7889 7894 8074 8144 8263 8353 8475 8480 8529 8566 8581 8681 8723 8747 8768 8811 8858 8883 8998 9021 9084 9276 9343 9431 9493 9562 9583 9593 9623 9684 9867 9936 10066 10262 10363 10392 10574 10685 10917 11024 14360 14421 14422 14430 14465 14506 14507 14508 14524 14593 14609 14615 14637 14665 14671 14680 14686 14695 14696 14701 14707 14729 14730 14741 14756 14777 14787 14796 14803 14804 14805 14828 14840 14843 14864 14865 14866 14869 14875 14894 14900 14901 14919 14960 14961 14967 14968 14974 14975 14980 14981 14982 14993 15002 15027 15033 15045 15048 15049 15081 15091 15101 15102 15112 15119 15125 15126 15127 15144 15153 15164 15171 15172 15173 15181 15190 15207 15208 15245 15246 15247 15248 15264 15265 15290 15321 15322 15330 15331 15351 15352 15366 15388 15396 15426 15427 15428 15429 15463 15470 15471 15472 15513 15514 15515 15537 15551 15556 15557 15567 15568 15592 15593 15604 15605 15647 15661 15671 15685 15686 15687 15696 15713 15714 15722 15729 15754 15770 15787 15797 15806 15807 15831 15832 15859 15911 15935 15982 16002 16075 16092 16152 16233 
	}
	manpower=0
	buildings_max_level_factor=1.000
	local_supplies=0.0 
}
