state={
	id=66
	name="STATE_66"
	provinces={
		10 142 595 648 756 923 1028 1464 1489 1569 1635 1787 1799 1839 2051 2053 2202 2217 2338 2520 2544 2742 2952 2972 2976 2980 3256 3323 3361 3492 3588 3695 3774 3782 3879 3886 4033 4075 4155 4239 4473 4499 4872 4886 5471 5563 5786 5876 6443 6565 6598 6888 6920 7067 7085 7130 7156 7265 7379 7445 7581 7782 7872 7937 7971 8031 8095 8172 8513 8593 8722 8838 8906 9010 9481 9585 9607 9730 9922 9945 10345 10381 10466 10774 10933 10964 11017 14915 14951 14958 14985 15000 15020 15054 15055 15064 15110 15115 15134 15150 15169 15180 15222 15223 15232 15233 15243 15251 15278 15287 15288 15308 15340 15341 15348 15358 15371 15372 15385 15386 15387 15393 15404 15421 15442 15452 15481 15520 15532 15533 15542 15543 15544 15545 15555 15563 15564 15583 15589 15621 15631 15632 15641 15642 15643 15657 15700 15712 15717 15718 15725 15726 15738 15750 15777 15794 15804 15814 15815 15816 15829 15855 15878 15898 15922 15933 15961 15971 15972 16008 16026 16038 16071 16089 16191 
	}
	manpower=0
	buildings_max_level_factor=1.000
	local_supplies=0.0 
}
