state={
	id=67
	name="STATE_67"
	provinces={
		4 78 119 196 257 280 311 494 602 607 627 665 771 799 847 953 985 1069 1149 1189 1196 1203 1208 1232 1242 1517 1634 1667 1825 1830 1952 1955 2067 2304 2404 2416 2514 2534 2729 2878 2879 2888 2913 2979 3089 3134 3167 3191 3210 3228 3230 3313 3372 3428 3490 3499 3589 3818 3942 3963 4005 4007 4021 4084 4123 4217 4224 4299 4454 4485 4795 4933 4966 4981 5094 5107 5387 5457 5542 5550 5586 5611 5666 5685 5736 5773 5791 5810 5846 5855 5914 5991 6056 6144 6202 6229 6235 6587 6742 6769 6807 6818 6925 6936 7019 7039 7052 7077 7119 7143 7183 7189 7305 7390 7395 7409 7422 7451 7607 7727 7897 8178 8257 8303 8324 8411 8479 8483 8628 8693 8698 8817 9114 9191 9347 9396 9422 9449 9495 9537 9658 9712 9749 9907 9979 10004 10036 10099 10154 10171 10357 10438 10506 10511 10664 10972 11021 13932 14328 14337 14379 14408 14420 14435 14436 14437 14443 14451 14459 14492 14493 14499 14500 14505 14551 14552 14559 14570 14571 14585 14599 14600 14614 14620 14628 14634 14635 14636 14655 14656 14668 14669 14677 14678 14679 14684 14691 14692 14693 14705 14725 14726 14732 14733 14739 14747 14752 14753 14766 14774 14793 14800 14823 14824 14825 14826 14838 14852 14859 14860 14861 14873 14881 14882 14886 14890 14896 14897 14906 14907 14921 14931 14941 14949 14950 14957 14964 14972 14973 14984 14989 14990 14991 15018 15019 15024 15025 15029 15030 15043 15047 15052 15053 15063 15071 15086 15089 15090 15094 15095 15096 15097 15123 15132 15133 15138 15149 15162 15168 15178 15179 15198 15204 15213 15214 15220 15221 15230 15231 15241 15242 15259 15260 15266 15267 15268 15273 15277 15296 15325 15326 15327 15338 15339 15347 15356 15357 15363 15370 15383 15384 15402 15403 15411 15412 15419 15420 15433 15434 15441 15451 15460 15467 15480 15498 15505 15506 15507 15531 15561 15562 15576 15601 15609 15630 15656 15680 15681 15694 15699 15736 15737 15776 15784 15785 15813 15885 15886 15897 15950 15969 15970 15987 16064 16206 16207 16303 16304 16399 16459 16523 
	}
	manpower=0
	buildings_max_level_factor=1.000
	local_supplies=0.0 
}
