state={
	id=68
	name="STATE_68"
	provinces={
		322 405 547 555 1138 1401 1589 1921 2467 3075 3207 3247 3608 3968 4003 4233 4284 4562 4762 5080 5298 5531 5930 6163 6166 6495 6524 6714 6755 6841 7117 7605 7623 7647 7826 8013 8456 8538 9003 9100 9351 9360 9374 9699 9721 9723 9862 9913 10123 10344 10448 10818 15457 15559 15596 15626 15638 15678 15679 15761 15762 15845 15852 15862 15880 15975 16030 16044 16056 16096 16127 16134 16173 16184 16185 16199 16217 16229 16236 16243 16283 16284 16342 16350 16363 16396 16428 16445 16456 16466 16480 16481 16482 16520 16531 16582 16597 16610 16631 16685 16697 16698 16699 16712 16722 16756 16791 16810 16811 16812 16851 
	}
	manpower=0
	buildings_max_level_factor=1.000
	local_supplies=0.0 
}
