state={
	id=69
	name="STATE_69"
	provinces={
		152 285 300 320 372 553 640 656 864 967 1006 1034 1267 1269 1291 1846 2158 2420 2600 2745 2867 2914 2934 2962 3090 3116 3457 3473 3493 3517 3631 3644 3688 3884 3944 4029 4162 4172 4209 4219 4321 4337 4482 4591 4629 4661 4677 4877 4917 5339 5494 5543 5671 5731 5733 6039 6207 6228 6305 6313 6471 6485 6622 6699 6712 6782 6922 6964 6984 7062 7122 7153 7294 7329 7384 7474 7683 7827 8024 8349 8361 8520 8685 8708 9284 9503 9513 9632 9729 9790 9959 10005 10053 10069 10085 10107 10206 10291 10489 10629 10759 10826 10980 14682 14714 14720 14738 14746 14773 14784 14785 14799 14817 14836 14837 14885 14905 14936 14948 14963 14977 14988 14999 15007 15013 15014 15042 15062 15070 15076 15077 15109 15131 15137 15156 15197 15203 15212 15219 15286 15295 15335 15336 15337 15362 15369 15380 15381 15390 15391 15392 15409 15410 15432 15450 15476 15477 15478 15479 15492 15497 15519 15527 15528 15540 15571 15572 15573 15574 15588 15598 15599 15619 15620 15640 15693 15709 15710 15711 15733 15734 15747 15748 15766 15767 15774 15775 15792 15801 15812 15828 15837 15847 15854 15877 15883 15888 15889 15907 15939 15957 15958 15959 15960 15966 15967 15977 15978 16016 16037 16047 16048 16049 16060 16080 16081 16100 16110 16130 16140 16141 16148 16174 16188 16202 16203 16220 16231 16262 16263 16287 16301 16313 16325 16336 16380 16381 16413 16420 16500 16543 
	}
	manpower=0
	buildings_max_level_factor=1.000
	local_supplies=0.0 
}
