state={
	id=70
	name="STATE_70"
	provinces={
		437 717 939 1046 1061 1205 1438 1760 1946 2233 2294 2689 2691 3611 3731 3810 3969 4057 4339 4541 4732 4796 5090 5398 5458 5500 5551 5625 5887 6027 6151 6288 6583 6717 6722 6747 7249 7286 7431 7460 7525 7555 7596 7709 7987 8132 8425 8636 9047 9073 9176 9634 9963 9969 10116 10181 10491 10515 10915 15524 15637 15662 15704 15705 15730 15782 15783 15798 15808 15822 15823 15861 15875 15892 15904 15905 15906 15914 15954 15974 15993 16004 16028 16043 16054 16055 16066 16094 16106 16125 16146 16162 16180 16210 16211 16226 16227 16228 16235 16242 16295 16296 16309 16320 16332 16340 16341 16361 16376 16377 16388 16408 16440 16441 16442 16453 16454 16465 16528 16529 16530 16549 16568 16569 16619 16620 16642 16651 16652 16666 16721 16730 16744 16805 16884 
	}
	manpower=0
	buildings_max_level_factor=1.000
	local_supplies=0.0 
}
