state={
	id=71
	name="STATE_71"
	provinces={
		31 115 138 168 195 259 310 625 635 697 723 725 855 913 1142 1308 1309 1485 1523 1576 1683 1713 1849 1885 1953 2128 2130 2237 2350 2361 2367 2661 2732 2736 2783 2811 2816 3002 3130 3131 3195 3257 3410 3524 3556 3623 3720 3784 3796 3809 3811 3931 4039 4190 4202 4266 4344 4378 4385 4395 4787 4806 4992 5026 5098 5200 5252 5302 5331 5334 5443 5493 5507 5552 5609 5725 5737 5844 6013 6068 6147 6180 6368 6377 6461 6507 6570 6609 6673 6686 6693 6856 6997 7172 7344 7508 7549 7571 7705 7781 8142 8146 8211 8223 8294 8369 8498 8710 8732 8885 9279 9281 9378 9609 9866 9911 9916 9925 9991 10018 10164 10201 10382 10500 10831 10919 10932 14878 14903 14912 14928 14929 14962 14995 14996 15028 15039 15040 15041 15060 15084 15105 15106 15114 15147 15155 15159 15160 15165 15166 15167 15176 15196 15210 15227 15228 15240 15249 15250 15256 15257 15292 15293 15294 15307 15313 15314 15323 15324 15334 15367 15379 15389 15401 15417 15418 15438 15439 15449 15459 15465 15475 15490 15491 15518 15525 15539 15553 15554 15579 15580 15617 15618 15627 15648 15649 15653 15674 15691 15692 15707 15708 15731 15732 15746 15765 15773 15789 15790 15825 15826 15846 15882 15918 15919 15937 15948 15976 15984 15997 16005 16014 16023 16034 16035 16059 16069 16078 16079 16086 16109 16118 16138 16147 16167 16213 16238 16246 16247 16248 16274 16286 16312 16323 16344 16345 16352 16364 16378 16390 16419 16484 16508 16534 16542 16599 16622 16632 16671 16701 16715 16726 16758 16759 16781 16825 
	}
	manpower=0
	buildings_max_level_factor=1.000
	local_supplies=0.0 
}
