state={
	id=72
	name="STATE_72"
	provinces={
		56 61 224 260 480 580 732 757 921 977 997 1440 1522 1592 1640 1754 1872 1959 2011 2037 2066 2151 2246 2258 2302 2487 2527 2724 2841 2981 3238 3271 3343 3443 3489 3578 4122 4192 4346 4386 4494 4532 4537 4596 4737 4848 4977 4979 5157 5184 5293 5597 5796 6012 6038 6066 6127 6274 6306 6324 6581 6595 6917 6967 7037 7175 7306 7437 7671 7756 7829 7851 7893 7944 8069 8224 8268 8376 8429 8504 8678 8835 8909 8920 8954 9107 9110 9199 9239 9282 9310 9313 9734 9855 9982 10179 10406 10461 10507 10550 10643 10802 10841 10908 10935 10998 14940 14987 15036 15058 15074 15103 15129 15146 15182 15183 15193 15209 15225 15226 15271 15282 15304 15305 15306 15311 15361 15377 15399 15400 15416 15447 15488 15495 15504 15578 15615 15639 15663 15673 15706 15715 15723 15755 15763 15788 15809 15810 15811 15824 15835 15836 15863 15864 15865 15866 15893 15915 15916 15917 15930 15947 15955 15964 15994 15995 15996 16011 16012 16031 16032 16045 16058 16076 16077 16097 16098 16099 16116 16128 16135 16136 16154 16155 16164 16165 16186 16218 16237 16244 16245 16259 16285 16299 16311 16351 16389 16410 16411 16412 16467 16496 16497 16521 16533 16553 16554 16598 16611 16644 16645 16714 16723 16724 16746 16747 16793 16813 16907 16930 17003 17021 17022 
	}
	manpower=0
	buildings_max_level_factor=1.000
	local_supplies=0.0 
}
