state={
	id=73
	name="STATE_73"
	provinces={
		49 102 251 309 384 425 434 466 562 593 618 792 797 824 875 888 937 942 972 1033 1049 1091 1126 1132 1161 1176 1322 1337 1540 1572 1624 1671 1745 1855 1996 2058 2060 2133 2138 2200 2205 2215 2307 2377 2453 2491 2507 2566 2619 2835 2885 2956 3142 3181 3469 3483 3632 3640 3786 3806 3838 4085 4120 4124 4144 4241 4242 4312 4315 4336 4372 4409 4420 4707 4755 4768 5117 5145 5166 5304 5522 5624 5800 6062 6199 6257 6258 6290 6340 6386 6431 6463 6594 6626 6710 6855 6887 6926 6998 7059 7118 7241 7292 7356 7369 7416 7417 7485 7499 7506 7768 7831 7921 7950 8217 8232 8312 8409 8417 8433 8601 8629 8727 8760 8805 8828 8877 8893 8902 8965 9057 9069 9124 9165 9177 9183 9233 9291 9318 9376 9389 9433 9475 9507 9558 9602 9648 9666 9703 9716 9726 9889 9918 9946 9954 9994 10065 10102 10142 10190 10225 10403 10616 10625 10627 10666 10713 10855 10857 15001 15098 15116 15117 15151 15157 15163 15199 15205 15234 15252 15253 15279 15280 15297 15309 15317 15342 15349 15350 15364 15373 15435 15443 15444 15482 15486 15499 15500 15521 15522 15546 15565 15566 15577 15590 15602 15610 15622 15623 15644 15665 15666 15701 15702 15727 15751 15752 15757 15778 15805 15817 15840 15848 15849 15856 15890 15899 15940 15941 15942 16019 16039 16040 16050 16102 16111 16112 16122 16143 16144 16150 16157 16168 16239 16251 16252 16267 16268 16327 16338 16355 16356 16357 16370 16384 16392 16472 16473 16536 16546 16561 16576 16589 16590 16616 16624 16625 16659 16677 16690 16707 16763 16764 16765 16796 16845 16858 16892 16902 16933 16969 17025 17051 17077 17090 17102 17128 17150 17151 17172 17173 17174 17205 17220 17258 17259 17286 17287 17295 17307 17330 17374 17400 17413 17423 17446 17478 17485 17516 17522 17540 17541 17554 17579 17614 17624 17638 17639 17658 17671 17692 17698 17737 17750 17780 17853 17854 17855 17856 17857 17938 17950 17951 17952 18042 18072 18140 18141 18224 18225 18245 18260 18324 18325 18437 18465 18530 
	}
	manpower=0
	buildings_max_level_factor=1.000
	local_supplies=0.0 
}
