state={
	id=74
	name="STATE_74"
	provinces={
		143 270 306 469 568 577 646 1092 1151 1319 1345 1686 1908 1982 2078 2381 2389 2470 2659 3049 3267 3290 3429 3519 3600 3616 3862 4103 4188 4384 4423 4826 4991 5050 5189 5272 5283 5430 5511 5602 5772 6110 6112 6440 6533 6654 6682 6825 6928 7003 7196 7248 7524 7621 7745 8141 8319 8457 8460 8839 9009 9305 9603 10143 10161 10447 10671 10696 10882 10997 16029 16085 16095 16107 16108 16126 16163 16181 16182 16183 16197 16198 16212 16258 16282 16297 16298 16310 16333 16362 16395 16409 16427 16443 16444 16455 16479 16506 16507 16518 16519 16540 16550 16551 16552 16571 16580 16581 16594 16595 16621 16629 16643 16667 16694 16745 16807 16808 16822 16849 16850 16864 16870 16898 16929 16951 16952 16962 16989 17031 17043 17062 17072 17081 17167 17201 17279 17356 17378 17457 
	}
	manpower=0
	buildings_max_level_factor=1.000
	local_supplies=0.0 
}
