state={
	id=75
	name="STATE_75"
	provinces={
		51 99 277 346 435 438 442 458 464 491 498 501 528 538 964 1135 1213 1240 1437 1499 1644 1666 1676 1678 1844 1986 1997 2014 2065 2075 2076 2191 2315 2371 2391 2473 2476 2513 2533 2586 2620 2652 2656 2675 2819 2868 3082 3172 3193 3198 3199 3382 3426 3433 3522 3577 3694 3696 3861 3983 4042 4081 4111 4186 4375 4393 4413 4504 4523 4892 5072 5084 5132 5139 5229 5416 5498 5596 5607 5636 5766 6015 6137 6333 6417 6430 6519 6665 6754 6832 6958 7078 7106 7135 7197 7235 7272 7375 7412 7641 7648 7681 7710 7852 7942 8066 8122 8451 8526 8575 8613 8745 8785 8951 9006 9043 9091 9190 9287 9312 9334 9395 9526 9655 9810 9909 10117 10230 10253 10369 10475 10640 10772 10815 10864 10906 10936 10947 11015 15174 15191 15218 15238 15254 15274 15291 15302 15303 15332 15344 15376 15397 15398 15430 15446 15464 15473 15516 15517 15558 15594 15595 15606 15607 15614 15625 15636 15652 15672 15677 15688 15689 15690 15697 15703 15742 15743 15744 15771 15781 15833 15834 15844 15860 15873 15874 15879 15891 15903 15912 15913 15926 15927 15928 15946 15953 15963 15983 15991 15992 16003 16021 16022 16051 16052 16053 16082 16083 16093 16105 16145 16153 16161 16179 16193 16194 16195 16225 16234 16255 16256 16257 16272 16273 16280 16281 16293 16307 16319 16331 16374 16375 16385 16386 16406 16439 16477 16493 16527 16577 16578 16579 16618 16639 16640 16641 16650 16663 16664 16680 16681 16692 16719 16720 16728 16755 16776 16790 16803 16820 16834 16861 16862 16904 16916 16917 16918 16938 16949 16961 16972 16987 17017 17041 17055 17070 17080 17106 17133 17144 17164 17165 17179 17180 17200 17241 17276 17318 17354 
	}
	manpower=0
	buildings_max_level_factor=1.000
	local_supplies=0.0 
}
