state={
	id=76
	name="STATE_76"
	provinces={
		20 76 151 490 543 589 594 597 836 878 1027 1031 1383 1454 1577 1728 1882 1962 2519 2884 2964 3027 3196 3236 3634 3785 4399 5159 5261 5309 5325 5646 5672 6079 6085 6380 6878 7223 7393 7643 7734 7796 7900 8186 8316 8554 9159 9207 9505 9719 10186 10444 10546 10764 10874 10880 10949 10986 15902 15990 16042 16170 16216 16254 16270 16276 16359 16417 16424 16434 16435 16448 16449 16450 16463 16464 16475 16491 16504 16514 16515 16524 16537 16564 16607 16636 16653 16679 16709 16710 16740 16789 16799 16800 16831 16832 16848 16883 16893 16894 16912 16913 16914 16923 16948 16959 16971 16985 16998 17014 17015 17027 17040 17069 17079 17117 17118 17130 17131 17153 17199 17207 17232 17233 17234 17261 17262 17331 17332 17366 17387 17429 17430 17441 17455 17488 17566 17616 17659 17683 17699 17700 17800 
	}
	manpower=0
	buildings_max_level_factor=1.000
	local_supplies=0.0 
}
