state={
	id=77
	name="STATE_77"
	provinces={
		200 222 617 634 854 873 932 1272 1295 1318 1369 1665 2247 2354 2410 2497 2612 2626 2630 2641 2668 2683 2803 2815 3014 3164 3331 3542 3649 3761 3951 4091 4140 4408 4421 4432 4622 4654 4771 4851 5099 5232 5240 5259 5468 5474 5657 5735 5781 5868 5896 5931 5940 6014 6115 6208 6384 6475 6494 6575 6604 6640 6884 7404 7452 7532 7553 7772 7912 7983 8203 8304 8311 8458 8531 8700 8717 8914 8927 8943 9024 9060 9065 9151 9285 9290 9429 9757 9759 9990 10049 10198 10319 10340 10938 15570 15616 15724 15745 15764 15799 15867 15881 15887 15936 16013 16033 16067 16068 16117 16129 16137 16166 16200 16201 16219 16230 16260 16261 16322 16334 16343 16418 16446 16483 16498 16573 16583 16584 16670 16686 16700 16733 16748 16757 16772 16780 16794 16824 16852 16853 16873 16874 16900 16908 16944 16945 16955 16990 17008 17009 17033 17034 17035 17045 17066 17095 17122 17138 17159 17186 17187 17195 17246 17247 17269 17293 17337 17338 17370 17397 17418 17419 17444 17459 17481 17499 17500 17501 17593 17608 17609 17706 17716 17728 17745 17763 17809 17810 17846 17847 17860 17901 18017 18036 
	}
	manpower=0
	buildings_max_level_factor=1.000
	local_supplies=0.0 
}
