state={
	id=78
	name="STATE_78"
	provinces={
		141 189 216 326 361 388 393 737 774 813 943 1039 1085 1262 1283 1332 1453 1734 1758 1788 1856 1868 1902 2010 2044 2069 2127 2267 2285 2340 2344 2524 2779 2883 2968 3003 3080 3094 3180 3304 3307 3425 3479 3528 3692 3717 4027 4361 4459 4464 4521 4560 4586 4589 4624 4660 4899 5186 5190 5222 5281 5282 5421 5435 5456 5659 5909 6058 6237 6424 6496 6752 6757 6849 6893 6913 6924 6966 6979 7057 7168 7174 7388 7604 7654 7666 7680 7730 7767 7920 8010 8187 8249 8275 8355 8428 8459 8540 8571 8594 8632 8702 8724 8790 8896 9055 9079 9138 9180 9317 9330 9335 9337 9384 9488 9599 9707 9728 9800 9931 10031 10062 10074 10127 10133 10167 10219 10243 10275 10366 10377 10393 10536 10885 11003 15237 15269 15289 15310 15329 15360 15394 15395 15406 15424 15425 15445 15454 15455 15456 15487 15512 15523 15536 15549 15550 15585 15591 15613 15624 15635 15645 15646 15651 15660 15670 15684 15721 15728 15753 15768 15769 15786 15795 15796 15821 15830 15858 15871 15872 15925 16000 16001 16065 16072 16073 16074 16091 16104 16115 16160 16171 16177 16178 16192 16224 16240 16271 16277 16278 16279 16292 16306 16318 16330 16360 16373 16394 16425 16436 16437 16438 16451 16452 16476 16492 16516 16525 16526 16538 16547 16548 16565 16566 16593 16637 16638 16648 16649 16654 16660 16661 16662 16718 16741 16742 16754 16766 16767 16768 16801 16802 16833 16860 16869 16895 16896 16915 16924 16925 16926 16937 16960 16986 17016 17028 17091 17105 17119 17132 17143 17178 17193 17235 17289 17298 17317 17377 17468 17506 17527 17560 17569 17627 
	}
	manpower=0
	buildings_max_level_factor=1.000
	local_supplies=0.0 
}
