state={
	id=79
	name="STATE_79"
	provinces={
		77 86 137 164 242 247 318 371 410 507 657 669 686 710 768 892 928 1070 1071 1210 1292 1315 1364 1445 1506 1507 1574 1639 1670 1679 1880 1939 2111 2122 2220 2275 2324 2490 2549 2628 2635 2798 2804 2918 3011 3096 3138 3156 3165 3265 3288 3437 3502 3564 3679 3687 3823 3839 3856 3859 3889 4041 4054 4117 4208 4272 4295 4329 4407 4517 4558 4567 4617 4680 4690 4711 4772 4794 4830 4841 4866 4897 4941 4957 4964 5003 5031 5150 5192 5193 5210 5254 5388 5410 5484 5723 5765 5890 5898 5900 5906 5918 5958 5960 5983 6031 6042 6105 6150 6243 6292 6308 6490 6548 6688 6692 6749 6778 6879 6903 6938 7032 7046 7050 7054 7056 7090 7154 7169 7193 7203 7377 7471 7493 7587 7664 7672 7860 7928 7945 8001 8022 8037 8040 8070 8267 8414 8443 8525 8530 8544 8551 8578 8696 8709 8749 8750 8773 8861 8903 8949 9017 9040 9172 9297 9341 9362 9459 9461 9539 9560 9561 9598 9645 9678 9679 9760 9814 9878 9984 10002 10038 10149 10263 10274 10327 10343 10420 10462 10556 10622 10642 10654 10659 10734 10739 10766 10790 10795 10844 10886 15534 15548 15584 15603 15633 15650 15667 15682 15695 15739 15758 15759 15760 15779 15818 15841 15842 15850 15870 15909 15923 15943 15944 15962 16020 16027 16041 16090 16103 16113 16123 16133 16151 16158 16169 16175 16176 16214 16223 16269 16291 16328 16329 16358 16371 16372 16393 16401 16402 16403 16404 16405 16433 16462 16474 16488 16489 16490 16503 16512 16513 16562 16563 16591 16592 16617 16626 16627 16635 16678 16691 16708 16738 16739 16753 16787 16788 16797 16798 16817 16818 16829 16830 16846 16847 16882 16903 16922 16934 16935 16936 16947 16970 16997 17026 17038 17039 17052 17053 17103 17116 17141 17142 17152 17162 17163 17175 17176 17191 17221 17222 17231 17260 17273 17274 17312 17313 17353 17375 17385 17386 17424 17425 17426 17447 17466 17486 17505 17523 17555 17556 17557 17580 17581 17582 17598 17615 17625 17640 17647 17648 17649 17672 17682 17693 17721 17732 17738 17751 17781 17786 17798 17812 17822 17823 17867 17868 17889 17894 17895 17917 17918 17953 17977 17978 17993 18053 18054 18062 18073 18083 18104 18105 18124 18142 18143 18190 18206 18226 18246 18247 18292 18326 18337 18347 18379 18388 18407 18438 18447 18466 18470 18518 18531 18543 18573 18603 18613 18625 18656 18720 18770 18803 18804 18839 18853 18924 
	}
	manpower=0
	buildings_max_level_factor=1.000
	local_supplies=0.0 
}
