state={
	id=80
	name="STATE_80"
	provinces={
		199 238 240 374 392 446 588 596 789 798 981 1136 1163 1183 1188 1254 1256 1525 1526 1545 1636 1692 1723 1743 1751 1810 1860 2000 2072 2182 2186 2257 2444 2504 2516 2521 2785 2786 2813 2990 3078 3088 3203 3348 3349 3395 3401 3552 3705 3795 3831 3853 3932 4161 4264 4369 4449 4479 4515 4539 4570 4621 4632 4669 4725 4854 4861 4925 4956 5176 5268 5285 5610 5623 5641 5709 5875 5966 6083 6236 6262 6350 6361 6371 6500 6597 6618 6630 6656 6868 6891 7008 7022 7034 7123 7270 7392 7411 7456 7482 7561 7806 7878 8087 8155 8340 8394 8466 8505 8582 8584 8674 8690 8694 8713 8737 8755 8846 8868 8879 8884 9120 9348 9354 9460 9510 9522 9615 9662 9739 9871 9897 9932 10041 10075 10087 10122 10156 10207 10396 10477 10523 10527 10714 10786 10816 10822 10901 10955 15161 15229 15275 15276 15316 15346 15382 15440 15466 15529 15530 15541 15575 15582 15600 15628 15629 15655 15664 15716 15735 15749 15793 15802 15803 15838 15839 15869 15884 15894 15895 15896 15920 15921 15932 15949 15968 15979 15980 15981 15985 15986 15998 15999 16007 16017 16061 16062 16063 16087 16101 16142 16149 16156 16189 16190 16204 16205 16221 16222 16249 16250 16264 16265 16288 16302 16314 16326 16347 16367 16368 16382 16398 16421 16422 16430 16431 16458 16469 16486 16502 16535 16544 16559 16560 16587 16604 16614 16623 16658 16675 16689 16727 16737 16750 16761 16775 16784 16785 16786 16816 16827 16843 16868 16877 16878 16879 16880 16890 16946 16968 16992 16993 16994 16995 17037 17050 17098 17099 17113 17126 17190 17198 17218 17228 17229 17248 17257 17282 17294 17306 17327 17340 17341 17352 17362 17363 17372 17422 17445 17461 17462 17463 17475 17551 17552 17553 17612 17635 17636 17669 17670 17691 17710 17711 17729 17766 17767 17768 17778 17796 17819 17837 17850 17926 17975 
	}
	manpower=0
	buildings_max_level_factor=1.000
	local_supplies=0.0 
}
