state={
	id=81
	name="STATE_81"
	provinces={
		98 100 283 418 581 663 700 715 890 975 989 1121 1199 1294 1346 1363 1404 1405 1492 1543 1677 1772 1779 2073 2406 2701 2898 3012 3091 3101 3135 3160 3205 3551 3769 3780 3840 3895 3975 4200 4220 4431 4490 4593 4607 4648 4667 4727 4752 4785 4998 5191 5287 5591 5622 5689 5834 6265 6476 6518 6530 6815 6880 6902 6941 7016 7045 7195 7218 7273 7278 7352 7363 7615 7678 7747 7943 8002 8083 8090 8113 8145 8170 8477 8643 8718 8984 9123 9150 9166 9179 9315 9340 9379 9386 9437 9661 9669 9847 10022 10063 10172 10295 10335 10348 10383 10397 10437 10456 10471 10517 10518 10559 10597 10799 10805 10811 10940 10976 11027 15654 15675 15676 15698 15756 15791 15800 15827 15853 15868 15876 15931 15938 15956 15965 16006 16015 16024 16036 16046 16070 16119 16139 16187 16275 16300 16324 16335 16346 16353 16365 16366 16379 16391 16397 16447 16468 16485 16499 16509 16522 16555 16556 16574 16585 16586 16600 16601 16612 16672 16673 16674 16687 16688 16702 16703 16725 16773 16782 16783 16795 16826 16840 16841 16842 16854 16855 16888 16901 16909 16921 16931 16932 16957 16965 16966 16983 16991 17005 17023 17024 17036 17047 17048 17074 17085 17086 17096 17124 17149 17161 17170 17188 17189 17196 17197 17216 17217 17239 17304 17311 17339 17351 17379 17406 17407 17436 17460 17471 17483 17509 17510 17511 17537 17549 17564 17565 17590 17594 17610 17611 17620 17653 17667 17678 17708 17717 17749 17775 17811 17827 17848 17886 17963 17964 17973 18026 18027 18028 18059 18080 18091 18159 18185 
	}
	manpower=0
	buildings_max_level_factor=1.000
	local_supplies=0.0 
}
