state={
	id=82
	name="STATE_82"
	provinces={
		6 125 176 298 440 468 525 691 729 822 911 965 1045 1107 1225 1246 1311 1329 1428 1501 1508 1518 1612 1682 1705 1791 1816 2279 2407 2411 2485 2557 2623 2688 2902 3025 3071 3145 3174 3185 3278 3299 3406 3449 3606 3618 3641 3836 3852 4015 4028 4112 4189 4210 4358 4501 4516 4564 4665 4686 4699 4717 4759 4828 4835 4919 4952 5014 5043 5070 5203 5209 5249 5256 5286 5437 5524 5612 5639 5676 5759 5799 5822 5825 5919 5942 5953 6010 6016 6170 6200 6266 6269 6291 6356 6383 6398 6415 6550 6554 6709 6734 6753 6929 6951 7087 7102 7128 7177 7308 7368 7394 7434 7529 7583 7600 7629 7777 7814 7834 7840 7936 8016 8033 8108 8129 8184 8221 8248 8262 8339 8385 8406 8452 8549 8557 8614 8616 8743 8758 8781 8915 8956 8971 8978 9075 9092 9102 9125 9200 9215 9241 9457 9533 9584 9588 9664 9701 9796 9830 9832 9953 9973 10015 10055 10077 10091 10125 10307 10318 10349 10376 10483 10514 10712 10743 10751 10777 10785 10821 10823 10922 10943 10993 15908 15951 15952 15988 15989 16018 16025 16088 16120 16121 16131 16132 16208 16209 16232 16266 16289 16290 16305 16315 16316 16317 16337 16348 16354 16369 16383 16400 16415 16416 16423 16432 16460 16461 16470 16471 16487 16511 16545 16588 16606 16615 16647 16706 16717 16752 16762 16844 16881 16891 16910 16958 16984 16996 17011 17012 17100 17101 17115 17127 17140 17219 17230 17240 17249 17271 17272 17284 17285 17328 17329 17342 17364 17365 17373 17383 17384 17439 17440 17464 17465 17476 17477 17514 17515 17539 17591 17592 17597 17613 17623 17637 17656 17657 17719 17720 17730 17731 17736 17758 17759 17769 17797 17820 17821 17839 17851 17852 17866 17874 17875 17888 17905 17927 17949 17966 17967 17976 17992 18005 18031 18041 18052 18069 18070 18071 18101 18102 18103 18150 18177 18189 18200 18223 18258 18259 18283 18284 18310 18336 18346 18358 18359 18418 18419 18435 18436 18446 18483 18492 18510 18528 18529 18547 18554 18563 18572 18593 18602 18624 18634 18643 18665 18666 18673 18682 18710 18718 18719 18734 18752 18759 18793 18801 18802 18817 18833 18852 18859 18877 18885 18917 18918 18936 18944 19000 19035 19047 19048 19073 19095 19129 19209 19425 
	}
	manpower=0
	buildings_max_level_factor=1.000
	local_supplies=0.0 
}
