state={
	id=83
	name="STATE_83"
	provinces={
		97 332 701 751 793 800 974 1036 1054 1185 1192 1227 1279 1502 1568 1695 1726 1805 1829 1966 2094 2248 2351 2365 2369 2582 2670 2719 2912 2961 2996 3017 3129 3314 3341 3392 3480 3496 3501 3560 3775 3956 4156 4293 4529 4642 4773 4799 4885 5017 5195 5197 5480 5784 5817 6007 6077 6133 6421 6422 6428 6481 6586 6603 6619 6648 6671 6690 6738 6763 6808 6876 6898 7282 7358 7438 7490 7541 7593 7597 7612 7776 7790 7801 7850 7924 7977 8101 8131 8210 8269 8626 8801 8806 8867 9198 9256 9355 9480 9548 9553 9696 9718 9765 9798 9879 9912 9966 10033 10090 10118 10137 10158 10220 10222 10226 10279 10316 10356 10378 10542 10558 10626 10694 10724 10873 10945 11008 16009 16084 16172 16196 16241 16294 16308 16349 16387 16407 16426 16478 16494 16505 16517 16539 16567 16608 16628 16665 16682 16693 16711 16729 16743 16769 16770 16777 16804 16835 16836 16863 16897 16919 16927 16928 16939 16950 16973 16974 16999 17000 17001 17007 17018 17019 17029 17042 17056 17057 17058 17059 17071 17092 17107 17134 17154 17166 17181 17208 17225 17236 17263 17264 17265 17277 17278 17299 17300 17309 17319 17343 17355 17367 17368 17389 17390 17403 17409 17410 17448 17456 17469 17479 17480 17490 17491 17518 17528 17529 17536 17561 17584 17601 17617 17628 17629 17641 17673 17685 17695 17713 17723 17733 17739 17740 17789 17801 17802 17803 17824 17830 17831 17832 17876 17893 17896 17908 17909 17928 17929 17957 17981 17997 17998 18007 18078 18086 18128 18152 18153 18180 18191 18202 18287 18293 18294 18302 18303 18315 18339 18367 18368 18410 18421 18449 18472 18473 18500 18501 18548 18646 18676 
	}
	manpower=0
	buildings_max_level_factor=1.000
	local_supplies=0.0 
}
