state={
	id=84
	name="STATE_84"
	provinces={
		11 36 120 140 269 282 294 402 510 612 712 841 851 865 898 905 1275 1351 1411 1420 1459 1475 1511 1512 1561 1618 1645 1851 1869 1886 2125 2317 2358 2373 2388 2397 2434 2461 2569 2721 2802 2850 2928 3023 3069 3173 3255 3277 3416 3487 3628 3814 3817 3863 3873 3989 4036 4048 4061 4105 4196 4238 4306 4513 4547 4666 4883 4970 4997 5118 5171 5297 5352 5365 5413 5427 5446 5450 5547 5721 5805 6035 6045 6349 6364 6427 6446 6460 6826 6875 6889 6971 7040 7188 7240 7269 7339 7346 7513 7626 7674 7733 7758 7763 7787 7828 7888 7984 7991 8020 8147 8166 8202 8251 8284 8295 8347 8485 8517 8606 8852 8929 8941 9113 9169 9366 9420 9478 9511 9606 9617 9677 9691 9755 9766 9917 9978 10109 10119 10173 10189 10269 10548 10607 10660 10700 10736 10794 10838 10884 10888 10979 16414 16457 16501 16510 16557 16558 16575 16602 16603 16613 16633 16634 16646 16655 16656 16657 16704 16705 16734 16735 16736 16749 16760 16774 16814 16815 16856 16866 16867 16876 16889 16967 17006 17010 17049 17067 17068 17087 17088 17089 17097 17125 17139 17171 17204 17270 17281 17305 17326 17371 17380 17381 17382 17420 17421 17437 17438 17451 17452 17472 17473 17474 17484 17512 17532 17533 17538 17550 17575 17576 17577 17595 17596 17633 17634 17645 17654 17655 17668 17679 17680 17690 17709 17735 17776 17777 17785 17849 17861 17862 17863 17887 17903 17916 17945 17965 17974 17987 18020 18068 18160 18161 18162 18175 18186 18218 18219 18233 18271 18272 18273 18274 18322 18377 18416 18433 18445 18455 18464 18481 18488 18507 18542 18546 18562 18618 18619 18620 18672 18700 18701 18708 18749 18768 18788 18789 18858 18910 18911 18954 19057 19108 
	}
	manpower=0
	buildings_max_level_factor=1.000
	local_supplies=0.0 
}
