state={
	id=85
	name="STATE_85"
	provinces={
		227 416 432 503 569 856 929 1087 1266 1780 1801 1971 1998 2168 2613 2904 3409 3485 3515 3602 3743 4012 4175 4267 4311 4429 4509 4627 4820 4827 4895 5074 5213 5294 5620 5747 5831 5982 6253 6378 6433 6537 6672 6741 6935 7086 7236 7486 7497 7542 7547 7895 8183 8239 8273 8382 8401 8545 8834 9186 9371 9381 9570 9752 9819 9885 9938 10106 10159 10265 10388 10410 10992 15929 16010 16057 16429 16532 16572 16668 16669 16713 16732 16771 16792 16872 16886 16899 16920 16964 16979 16980 16981 17032 17083 17084 17094 17120 17121 17137 17158 17169 17203 17226 17244 17245 17268 17291 17303 17323 17324 17336 17346 17347 17348 17394 17405 17417 17434 17442 17496 17588 17651 17689 17705 17755 17756 17774 17792 17806 17807 17858 17883 17912 17934 17942 17985 18001 18025 18050 18087 18088 18098 18134 18146 18156 18230 18241 18354 18428 18468 18496 18515 18545 18567 18587 18610 18638 18687 
	}
	manpower=0
	buildings_max_level_factor=1.000
	local_supplies=0.0 
}
