state={
	id=86
	name="STATE_86"
	provinces={
		180 369 1112 1224 1575 1735 1742 1847 1909 1990 2002 2160 2293 2375 2873 2889 2916 2931 3146 3188 3234 3471 3491 3495 3510 3984 4013 4045 4433 4550 4602 4625 4735 4891 5002 5108 5127 5375 5399 5409 5479 5575 5836 5864 6023 6123 6246 6249 6251 6267 6300 6348 6532 6644 6777 6896 6901 6992 7079 7158 7255 7256 7309 7465 7539 7630 7751 7948 7962 8021 8055 8118 8441 8795 9112 9126 9158 9185 9565 9859 9964 9965 10058 10086 10160 10339 10342 10373 10502 10525 10529 10547 10590 10674 10914 10927 10967 16321 16570 16683 16731 16806 16821 16837 16940 16941 16975 16976 16977 16988 17030 17060 17061 17108 17109 17135 17209 17237 17242 17266 17320 17321 17333 17344 17391 17415 17432 17433 17449 17492 17493 17494 17507 17544 17570 17585 17602 17603 17660 17701 17724 17725 17741 17742 17743 17753 17771 17804 17814 17825 17833 17841 17877 17878 17910 17920 17921 17968 17982 18008 18009 18056 18065 18108 18129 18130 18170 18192 18267 18288 18295 18304 18340 18349 18371 18399 18423 18451 18475 18476 18584 18648 18684 18696 18761 18773 18856 18971 
	}
	manpower=0
	buildings_max_level_factor=1.000
	local_supplies=0.0 
}
