state={
	id=87
	name="STATE_87"
	provinces={
		122 219 349 375 428 431 441 770 780 785 895 1058 1194 1442 1601 1646 1755 1919 1954 1973 2419 2773 2860 2920 3275 3561 3697 3802 3918 3958 4119 4168 4176 4534 4563 4770 4905 4934 5052 5172 5178 5227 5370 5391 5473 5566 5656 5695 5745 6090 6179 6191 6286 6420 6515 6779 6900 7071 7504 7619 7830 8121 8243 8280 9045 9066 9246 9283 9418 9636 9771 9772 9826 9843 9876 9905 9910 9921 10046 10260 10303 10455 10722 16605 16676 16716 16751 16828 16857 17075 17076 17114 17283 17408 17453 17513 17534 17578 17621 17622 17646 17681 17718 17779 17838 17864 17865 17904 17937 17947 17948 18021 18030 18040 18051 18082 18112 18113 18123 18139 18149 18164 18187 18221 18234 18256 18277 18300 18308 18323 18334 18335 18345 18357 18387 18397 18404 18405 18491 18497 18571 18591 18623 18655 18702 18709 18731 18738 18791 18800 18814 18815 18849 18890 18891 18922 18964 18965 19034 19053 19068 19084 19127 19251 
	}
	manpower=0
	buildings_max_level_factor=1.000
	local_supplies=0.0 
}
