state={
	id=88
	name="STATE_88"
	provinces={
		5 55 133 153 165 183 471 638 1029 1032 1066 1153 1184 1216 1255 1273 1298 1386 1542 1749 1764 1864 2115 2180 2185 2253 2297 2403 2408 2417 2418 2460 2517 2538 2653 2680 2734 2764 2777 2950 3310 3419 3455 3461 3533 3569 3633 3680 3752 3755 3789 3877 3939 3953 3954 4037 4195 4273 4328 4330 4333 4365 4451 4524 4565 4592 4647 4673 4812 4874 4898 4962 5033 5093 5508 5562 5578 5627 5669 5992 6005 6032 6231 6395 6450 6458 6703 6758 6804 7020 7031 7053 7076 7109 7247 7263 7317 7458 7470 7472 7509 7584 7651 7706 7964 7997 8085 8168 8296 8321 8336 8671 8714 8808 8831 8844 8934 8942 9067 9128 9208 9439 9541 9659 9670 9820 9852 10034 10071 10228 10255 10618 10630 10678 10776 10801 10859 10890 10930 10954 10966 10984 16495 16541 16596 16609 16630 16684 16695 16696 16778 16779 16809 16823 16838 16839 16865 16871 16885 16905 16906 16942 16943 16953 16954 16963 16978 17002 17020 17044 17063 17064 17073 17082 17093 17110 17136 17145 17155 17156 17157 17168 17182 17183 17194 17202 17210 17243 17253 17254 17267 17290 17301 17302 17334 17335 17345 17357 17369 17392 17393 17404 17416 17450 17458 17495 17519 17530 17531 17545 17546 17562 17604 17630 17642 17643 17661 17662 17663 17674 17702 17714 17726 17744 17754 17761 17772 17773 17790 17835 17842 17843 17880 17881 17898 17911 17932 17941 17958 17969 17984 18000 18010 18023 18057 18066 18096 18109 18116 18131 18154 18193 18194 18210 18238 18268 18305 18316 18330 18341 18350 18363 18373 18400 18424 18452 18453 18460 18477 18504 18535 18549 18566 18586 18607 18629 18660 18685 18698 18757 18795 
	}
	manpower=0
	buildings_max_level_factor=1.000
	local_supplies=0.0 
}
