state={
	id=89
	name="STATE_89"
	provinces={
		181 357 364 478 488 782 861 971 1831 2179 2360 2693 2926 3613 3699 3772 3928 4008 5129 5423 5813 6009 6332 6601 6764 6771 6828 6953 7116 7184 7570 7927 7970 8307 8680 8907 8938 9058 9127 9188 9416 9468 10017 10105 10473 10792 17251 17288 17297 17316 17376 17388 17431 17489 17559 17567 17568 17600 17626 17684 17694 17783 17788 17829 17870 17892 17955 17956 17980 17989 17996 18045 18046 18064 18076 18077 18093 18094 18095 18151 18168 18169 18178 18179 18208 18209 18228 18249 18278 18301 18314 18348 18381 18390 18408 18409 18420 18499 18594 18635 18644 
	}
	manpower=0
	buildings_max_level_factor=1.000
	local_supplies=0.0 
}
