state={
	id=90
	name="STATE_90"
	provinces={
		121 202 234 263 365 444 726 826 896 1098 1327 1375 1402 1455 1515 1625 1650 1659 1718 1736 1786 1808 1853 1924 1948 2007 2106 2174 2284 2311 2348 2580 2585 2622 2797 2810 2949 3005 3084 3186 3380 3500 3508 4035 4038 4166 4258 4309 4415 4497 4526 4584 4599 4684 4808 4873 4876 4908 5069 5152 5295 5528 5583 5632 5701 5720 5729 5763 5783 5809 5923 5969 6003 6006 6070 6206 6370 6410 6423 6571 6614 6637 6834 6848 6867 7163 7165 7180 7250 7428 7545 7620 7642 7892 8006 8099 8194 8334 8356 8367 8541 8697 8739 8832 8833 8900 8921 8947 8980 9012 9015 9157 9228 9372 9586 9646 9665 9751 9817 9863 9926 9930 9958 9970 10024 10271 10365 10400 10543 10614 10718 10867 10956 10977 11013 16875 16887 16956 16982 17004 17046 17112 17123 17147 17148 17160 17212 17213 17214 17215 17238 17256 17280 17310 17325 17349 17350 17360 17361 17398 17399 17435 17482 17502 17503 17504 17508 17521 17563 17573 17574 17589 17644 17652 17666 17677 17697 17707 17734 17746 17747 17748 17757 17764 17765 17793 17794 17795 17817 17818 17826 17873 17885 17902 17914 17915 17924 17925 17962 17972 17986 17991 18003 18004 18018 18019 18037 18038 18058 18079 18089 18090 18100 18122 18136 18137 18148 18157 18158 18173 18174 18182 18183 18215 18216 18217 18232 18243 18244 18264 18269 18281 18289 18290 18307 18321 18356 18364 18375 18394 18414 18444 18454 18463 18469 18480 18538 18539 18540 18541 18551 18552 18553 18588 18589 18598 18632 18640 18652 18671 18692 18716 18729 18736 18767 18798 18847 18848 18871 18921 18941 18962 18994 19009 19082 19099 19179 
	}
	manpower=0
	buildings_max_level_factor=1.000
	local_supplies=0.0 
}
