state={
	id=91
	name="STATE_91"
	provinces={
		28 93 159 221 502 551 753 876 968 1079 1222 1281 1397 1436 1469 1604 1797 2136 2137 2326 2352 2380 2562 2743 2847 2852 2942 2963 3092 3108 3168 3206 3279 3281 3300 3336 3554 3875 3949 4146 4355 4400 4411 4488 4495 4606 4766 4767 4810 4845 4984 5030 5196 5466 5486 5585 5587 5621 6020 6028 6040 6186 6351 6539 6620 6632 6650 6732 6835 7185 7262 7446 7540 7543 7559 7658 7668 7728 7868 7995 8123 8242 8259 8300 8348 8366 8416 8420 8424 8716 8777 8889 8905 9109 9353 9424 9448 9499 9635 9642 9680 9838 9890 9980 10182 10292 10322 10474 10505 10797 10847 16819 16859 16911 17013 17054 17078 17104 17129 17177 17192 17206 17223 17224 17250 17296 17314 17315 17401 17402 17414 17427 17428 17454 17467 17487 17517 17524 17525 17542 17543 17558 17583 17599 17650 17712 17722 17752 17760 17770 17782 17787 17799 17813 17828 17840 17869 17890 17891 17906 17907 17919 17939 17940 17954 17979 17988 17994 17995 18006 18022 18043 18044 18055 18063 18074 18075 18084 18085 18092 18106 18107 18114 18115 18125 18126 18127 18144 18165 18166 18167 18201 18207 18227 18235 18236 18237 18248 18261 18265 18285 18286 18311 18312 18313 18327 18338 18366 18380 18389 18439 18448 18493 18498 18519 18532 18574 18581 18582 18614 18626 18627 18667 18695 18711 18739 18753 18760 18771 18774 18818 18824 18860 18937 19087 19103 19130 19165 19187 19188 19253 19336 19369 
	}
	manpower=0
	buildings_max_level_factor=1.000
	local_supplies=0.0 
}
