state={
	id=92
	name="STATE_92"
	provinces={
		190 248 343 420 548 628 631 707 806 812 889 894 926 931 954 1042 1080 1089 1104 1143 1211 1220 1349 1457 1514 1583 1611 1675 1716 1733 1828 1914 1931 1961 1974 1994 2030 2064 2079 2089 2095 2296 2353 2427 2429 2459 2496 2542 2577 2596 2650 2672 2790 2794 2801 2882 2951 2965 2973 2987 3028 3099 3126 3259 3261 3309 3363 3413 3420 3518 3579 3599 3670 3788 3792 3793 3829 3915 3974 4070 4177 4263 4298 4389 4441 4576 4656 4687 4701 4740 4804 4909 4996 5092 5223 5237 5241 5244 5643 5692 5815 6091 6336 6388 6435 6436 6560 6579 6684 6813 6852 6957 7179 7313 7327 7410 7563 7632 7742 7766 7843 7854 7859 7919 7982 8104 8199 8306 8386 8395 8436 8572 8602 8847 8863 8981 9175 9242 9263 9345 9442 9479 9545 9594 9625 9795 9808 9960 10060 10089 10144 10191 10310 10314 10351 10374 10435 10454 10649 10783 10866 10871 10883 10921 10965 10999 17065 17111 17146 17184 17185 17211 17227 17255 17292 17358 17359 17395 17396 17411 17412 17443 17470 17497 17498 17520 17548 17572 17607 17632 17665 17676 17727 17808 17816 17845 17859 17871 17872 17884 17899 17900 17913 17935 17936 17943 17944 17960 17961 17990 18002 18014 18015 18016 18033 18034 18035 18067 18099 18111 18120 18135 18147 18181 18197 18204 18211 18212 18213 18231 18242 18253 18263 18297 18298 18306 18319 18320 18343 18374 18392 18393 18413 18429 18430 18431 18443 18462 18479 18485 18505 18516 18536 18537 18560 18578 18596 18597 18615 18616 18617 18630 18663 18669 18670 18688 18699 18706 18714 18715 18745 18746 18763 18777 18784 18785 18797 18811 18821 18857 18864 18865 18869 18882 18895 18896 18908 18930 18951 18960 18974 18978 18979 18992 19025 19043 19044 19050 19065 19078 19079 19117 19137 19158 19167 19178 19239 19247 19257 19299 19317 19327 19328 19335 19354 19410 19411 19493 19494 19512 19530 19587 19595 19596 19606 19683 19692 19711 19779 19821 19835 19850 
	}
	manpower=0
	buildings_max_level_factor=1.000
	local_supplies=0.0 
}
