state={
	id=93
	name="STATE_93"
	provinces={
		26 30 83 88 198 267 303 338 414 497 505 533 554 587 626 670 727 868 870 872 918 998 1157 1182 1278 1302 1342 1359 1462 1538 1585 1610 1621 1871 2024 2045 2161 2181 2197 2229 2232 2268 2269 2287 2469 2547 2553 2554 2565 2601 2713 2718 2765 2851 2856 2903 2958 2975 3001 3031 3105 3109 3141 3155 3157 3163 3194 3217 3367 3414 3418 3448 3661 3700 3749 3751 3779 3800 3874 3947 4000 4109 4148 4223 4288 4380 4455 4489 4492 4511 4631 4633 4670 4800 4832 4989 5041 5053 5056 5091 5096 5121 5179 5233 5279 5371 5404 5438 5459 5491 5514 5561 5615 5683 5738 5839 5882 5917 5961 6197 6209 6263 6294 6335 6365 6486 6541 6556 6561 6596 6627 6854 7058 7065 7082 7103 7342 7370 7455 7461 7510 7535 7574 7640 7713 7750 8015 8112 8115 8127 8164 8201 8225 8235 8264 8384 8400 8419 8546 8548 8580 8655 8666 8679 8688 8762 8778 8779 8924 9094 9108 9143 9161 9332 9368 9373 9405 9477 9508 9566 9633 9702 9768 9799 9892 9894 9898 10013 10020 10043 10187 10306 10309 10415 10431 10485 10532 10645 10652 10682 10699 10762 10808 10860 11022 11028 18188 18222 18257 18309 18365 18398 18406 18457 18509 18592 18600 18601 18633 18642 18681 18703 18704 18732 18733 18751 18758 18792 18807 18816 18823 18832 18838 18850 18851 18866 18876 18892 18900 18901 18902 18913 18914 18915 18916 18923 18931 18932 18935 18966 18976 18980 18981 18982 18996 18997 18998 18999 19010 19011 19012 19019 19020 19059 19060 19069 19070 19071 19072 19085 19086 19093 19094 19101 19102 19128 19143 19144 19145 19150 19154 19155 19162 19163 19164 19169 19170 19171 19180 19181 19186 19199 19208 19219 19220 19226 19227 19233 19241 19242 19252 19272 19273 19305 19311 19312 19331 19332 19333 19358 19359 19368 19382 19383 19391 19392 19399 19400 19406 19414 19415 19422 19423 19424 19434 19435 19446 19447 19460 19487 19495 19507 19513 19514 19515 19525 19526 19536 19537 19544 19579 19580 19591 19592 19600 19601 19602 19608 19609 19610 19627 19645 19652 19663 19664 19665 19676 19677 19687 19688 19704 19717 19729 19750 19760 19767 19773 19774 19781 19789 19812 19826 19827 19840 19860 19866 19884 19885 19897 19898 19903 19904 19909 19910 19937 19938 19963 19990 19991 19992 20000 20043 20084 20085 20099 20126 20158 20204 20260 
	}
	manpower=0
	buildings_max_level_factor=1.000
	local_supplies=0.0 
}
