state={
	id=94
	name="STATE_94"
	provinces={
		91 252 356 377 462 526 684 745 747 761 784 816 858 901 1002 1047 1083 1209 1549 1824 1867 1932 1964 1992 2087 2183 2238 2364 2648 2682 2709 2805 2836 2891 2892 2959 3016 3083 3111 3152 3153 3197 3316 3329 3369 3385 3467 3539 3540 3541 3574 3587 3609 3619 3652 3678 3756 3807 3867 4154 4165 4235 4262 4345 4444 4527 4818 4980 5155 5187 5204 5205 5231 5250 5264 5289 5332 5333 5499 5560 5740 5797 5904 6057 6088 6271 6304 6381 6407 6478 6493 6497 6795 7009 7127 7181 7238 7345 7476 7505 7534 7538 7552 7649 7679 7754 7811 7952 7966 8080 8084 8157 8281 8370 8440 8476 8519 8605 8874 8910 8925 9026 9064 9081 9115 9117 9154 9333 9365 9380 9391 9404 9425 9527 9557 9569 9854 10084 10217 10227 10268 10326 10409 10495 10509 10576 10598 10599 10731 10836 10856 10858 17946 17983 18029 18039 18060 18061 18081 18138 18163 18176 18199 18220 18254 18255 18275 18276 18282 18299 18333 18344 18378 18386 18396 18403 18417 18434 18456 18482 18489 18490 18508 18517 18524 18525 18526 18527 18570 18590 18599 18611 18612 18621 18622 18641 18654 18693 18694 18730 18737 18750 18769 18790 18799 18813 18822 18831 18837 18874 18875 18883 18884 18889 18899 18912 18943 18955 19058 19067 19083 19091 19092 19100 19118 19119 19126 19142 19148 19149 19198 19218 19231 19232 19249 19250 19269 19270 19271 19294 19303 19304 19310 19319 19330 19347 19357 19367 19381 19397 19398 19405 19413 19432 19433 19459 19470 19471 19504 19505 19506 19524 19535 19552 19553 19590 19626 19644 19686 19716 19728 19734 19742 19743 19765 19787 19788 19825 19837 19865 19902 19962 19978 20036 20094 20190 
	}
	manpower=0
	buildings_max_level_factor=1.000
	local_supplies=0.0 
}
