state={
	id=95
	name="STATE_95"
	provinces={
		114 187 407 408 436 482 523 885 1200 1253 1451 1714 1782 1848 1878 2025 2203 2478 2529 2615 2957 3054 3060 3212 3379 3396 3673 3945 3976 4332 4414 4697 4769 5005 5199 5634 5793 5872 5924 6255 6511 6706 6718 6761 6838 7026 7134 7295 7783 7818 7832 8134 8512 8721 8975 8987 8996 9008 9118 9467 9476 9506 9518 9597 9647 9807 9811 10110 10404 10446 10530 10706 10957 18262 18360 18471 18521 18556 18564 18605 18645 18675 18713 18735 18741 18742 18775 18780 18781 18826 18841 18854 18855 18878 18919 18925 18933 18956 18967 18984 19001 19002 19014 19015 19022 19036 19054 19075 19096 19104 19105 19112 19131 19156 19190 19191 19202 19234 19254 19262 19274 19275 19281 19289 19295 19349 19350 19385 19437 19438 19451 19462 19481 19511 19538 19539 19562 19613 19614 19631 19632 19655 19679 19698 19720 19732 19753 19803 19804 19913 19965 20007 20054 
	}
	manpower=0
	buildings_max_level_factor=1.000
	local_supplies=0.0 
}
