state={
	id=96
	name="STATE_96"
	provinces={
		126 201 254 391 586 679 754 840 963 1018 1063 1084 1139 1164 1233 1244 1429 1461 1587 1613 1623 1684 1687 1789 1820 1988 2018 2032 2048 2091 2239 2241 2295 2359 2422 2541 2560 2643 2866 2939 3022 3061 3072 3161 3237 3317 3374 3387 3391 3474 3555 3753 3821 3845 3995 4077 4187 4191 4237 4257 4281 4320 4322 4458 4590 4664 4985 5308 5358 5372 5476 5580 5734 5771 5841 6132 6185 6260 6330 6512 6689 6833 6961 7137 7150 7182 7246 7406 7478 7544 7554 7586 7723 7786 7862 7931 8032 8043 8078 8079 8109 8149 8167 8180 8190 8212 8214 8265 8328 8471 8492 8567 8619 8630 8701 8803 8890 8895 8962 9174 9221 9237 9248 9358 9409 9516 9692 9711 10010 10221 10223 10232 10422 10662 10738 10749 10849 10903 10996 17834 17879 17897 17930 17931 17999 18032 18145 18203 18229 18250 18329 18362 18372 18382 18411 18412 18440 18441 18459 18467 18503 18512 18522 18534 18557 18558 18565 18585 18628 18636 18657 18658 18659 18697 18724 18743 18755 18756 18762 18782 18783 18809 18828 18842 18843 18862 18868 18879 18887 18905 18920 18927 18939 18940 18949 18957 18972 18987 18988 19017 19023 19028 19029 19030 19040 19063 19076 19089 19098 19114 19115 19116 19124 19135 19157 19166 19184 19192 19223 19236 19237 19238 19255 19263 19264 19265 19283 19291 19315 19325 19352 19353 19386 19387 19388 19409 19420 19428 19454 19482 19483 19484 19500 19565 19566 19567 19576 19577 19578 19586 19616 19617 19635 19660 19670 19681 19707 19708 19723 19756 19778 19795 19796 19806 19807 19830 19831 19832 19847 19857 19890 19901 19917 19918 19996 20020 
	}
	manpower=0
	buildings_max_level_factor=1.000
	local_supplies=0.0 
}
