state={
	id=97
	name="STATE_97"
	provinces={
		327 477 496 760 814 819 832 838 884 940 1326 1509 1609 1660 1689 1978 2207 2211 2218 2306 2322 2399 2499 3079 3143 3384 3460 3803 3851 4001 4014 4073 4205 4250 4270 4388 4391 4478 4483 4864 4931 5218 5291 5478 5581 5640 5829 5867 5950 6071 6261 6513 6523 6577 6831 6991 7160 7298 7314 7459 7716 7764 7967 7989 8114 8133 8313 8523 8559 8726 8783 8940 9148 9204 9435 9686 9853 10185 10205 10234 10354 10421 10533 10577 10689 10791 10853 18184 18198 18270 18291 18376 18395 18415 18653 18680 18707 18717 18748 18786 18787 18806 18872 18873 18942 18953 18963 18995 19033 19046 19141 19147 19160 19185 19196 19216 19217 19225 19248 19258 19267 19268 19280 19293 19309 19356 19379 19380 19458 19486 19523 19543 19551 19559 19571 19572 19588 19624 19625 19643 19649 19650 19675 19694 19703 19714 19715 19740 19758 19759 19764 19811 19815 19870 19882 19883 19907 19950 19998 19999 20013 20035 20065 20073 20092 20141 20166 20211 20218 20252 20271 
	}
	manpower=0
	buildings_max_level_factor=1.000
	local_supplies=0.0 
}
