state={
	id=98
	name="STATE_98"
	provinces={
		14 90 132 166 209 291 353 504 527 529 867 930 1111 1271 1307 1460 1467 1471 1472 1478 1480 1648 1731 1913 1934 2021 2096 2105 2188 2280 2288 2379 2463 2546 2597 2899 2997 3272 3289 3318 3458 3470 3520 3580 3585 3667 3681 3887 4047 4130 4218 4304 4356 4443 4470 4503 4531 4572 4645 4760 4839 4904 5077 5112 5320 5445 5470 5617 5754 5818 5877 5957 6138 6181 6214 6239 6244 6315 6355 6503 6535 6613 6697 6862 7133 7289 7335 7353 7381 7398 7579 7589 7611 7932 8102 8228 8363 8506 8576 8649 8667 8704 8928 8983 9054 9132 9213 9259 9280 9363 9458 9494 9531 9546 9581 9651 9957 10215 10334 10390 10414 10419 10480 10819 10911 18266 18279 18361 18369 18370 18422 18450 18458 18474 18494 18502 18533 18575 18606 18647 18668 18677 18722 18723 18772 18794 18827 18867 18894 18904 18926 18938 18948 18968 18969 18970 18985 18986 19003 19008 19016 19027 19037 19038 19039 19049 19055 19097 19113 19120 19121 19122 19123 19132 19133 19134 19152 19174 19183 19211 19221 19222 19235 19244 19282 19290 19296 19297 19307 19313 19314 19323 19324 19334 19341 19362 19363 19373 19374 19375 19401 19402 19407 19408 19439 19440 19452 19463 19464 19476 19477 19528 19529 19547 19548 19564 19605 19615 19633 19646 19647 19658 19659 19669 19680 19691 19701 19755 19844 19856 19875 19916 19944 19945 19966 19982 20031 20032 20062 20090 20134 20135 20176 20185 20207 20208 20257 20266 20282 20335 
	}
	manpower=0
	buildings_max_level_factor=1.000
	local_supplies=0.0 
}
