state={
	id=99
	name="STATE_99"
	provinces={
		50 52 149 276 335 461 492 535 565 916 999 1252 1287 1313 1336 1537 1664 1669 1688 1920 1995 2040 2163 2308 2482 2502 2583 2594 2606 2633 2858 2925 3062 3118 3179 3332 3388 3427 3477 3557 3666 3682 3841 4106 4285 4505 4514 4650 4716 4741 4777 4790 4918 5113 5228 5245 5374 5384 5436 5534 5670 5688 5757 5790 5866 5871 5980 6118 6190 6456 6642 6675 6745 6877 6952 7092 7194 7205 7210 7242 7319 7355 7427 7468 7566 7636 7778 7879 8125 8156 8192 8272 8434 8446 8570 8663 8772 8815 8989 9428 9622 9644 9763 9793 9842 9902 9943 10210 10602 10609 10612 10803 10820 10845 18121 18172 18205 18214 18280 18355 18385 18402 18432 18486 18487 18506 18561 18568 18569 18579 18580 18631 18639 18651 18664 18679 18728 18747 18764 18765 18766 18805 18812 18830 18836 18846 18870 18897 18898 18909 18952 18961 18975 18993 19018 19031 19032 19045 19051 19052 19066 19080 19081 19090 19125 19138 19139 19140 19159 19168 19195 19204 19205 19206 19214 19215 19224 19229 19230 19240 19278 19279 19285 19286 19300 19301 19302 19308 19318 19355 19366 19378 19395 19396 19412 19421 19442 19443 19444 19445 19455 19456 19467 19468 19469 19502 19503 19520 19521 19531 19532 19533 19597 19620 19621 19622 19623 19642 19648 19661 19684 19702 19712 19713 19725 19726 19749 19780 19785 19799 19809 19864 19880 19948 19953 20034 20107 
	}
	manpower=0
	buildings_max_level_factor=1.000
	local_supplies=0.0 
}
